-5.740289962016657810e-02 9.983510941122851756e-01 0.000000000000000000e+00 3.068845446134247368e-01 -9.983510941122851756e-01 -5.740289962016667524e-02 0.000000000000000000e+00 1.741703288894306922e+00 0.000000000000000000e+00 0.000000000000000000e+00 1.000000000000000000e+00 0.000000000000000000e+00
-7.284090364565384834e-02 9.973435730760411566e-01 0.000000000000000000e+00 2.851765808922310796e-01 -9.973435730760410456e-01 -7.284090364565384834e-02 0.000000000000000000e+00 1.479857261830538562e+00 0.000000000000000000e+00 0.000000000000000000e+00 1.000000000000000000e+00 0.000000000000000000e+00
-1.767057010683829033e-01 9.842637325483101218e-01 0.000000000000000000e+00 2.123402706831575282e-01 -9.842637325483100108e-01 -1.767057010683830143e-01 0.000000000000000000e+00 9.852949489799466276e-01 0.000000000000000000e+00 0.000000000000000000e+00 1.000000000000000000e+00 0.000000000000000000e+00
-1.954031141883211253e-01 9.807230103171363789e-01 0.000000000000000000e+00 1.049467837128837400e-01 -9.807230103171362678e-01 -1.954031141883212086e-01 0.000000000000000000e+00 4.856803325660923321e-01 0.000000000000000000e+00 0.000000000000000000e+00 1.000000000000000000e+00 0.000000000000000000e+00
-1.018893493801829725e-01 9.947957380703251751e-01 0.000000000000000000e+00 5.267357911250231117e-02 -9.947957380703250641e-01 -1.018893493801830002e-01 0.000000000000000000e+00 1.433832076276519985e-02 0.000000000000000000e+00 0.000000000000000000e+00 1.000000000000000000e+00 0.000000000000000000e+00
-1.649698783150518044e-01 9.862986055189963963e-01 0.000000000000000000e+00 -2.793539623369839520e-02 -9.862986055189963963e-01 -1.649698783150518322e-01 0.000000000000000000e+00 -4.806853614259114504e-01 0.000000000000000000e+00 0.000000000000000000e+00 1.000000000000000000e+00 0.000000000000000000e+00
-1.181309797127361033e-01 9.929980219678733455e-01 0.000000000000000000e+00 -9.260326811089503174e-02 -9.929980219678733455e-01 -1.181309797127361033e-01 0.000000000000000000e+00 -9.636222438234705034e-01 0.000000000000000000e+00 0.000000000000000000e+00 1.000000000000000000e+00 0.000000000000000000e+00
-1.190335659857111733e-01 9.928902306744311623e-01 0.000000000000000000e+00 -1.545038684895852499e-01 -9.928902306744311623e-01 -1.190335659857112011e-01 0.000000000000000000e+00 -1.488095086935254274e+00 0.000000000000000000e+00 0.000000000000000000e+00 1.000000000000000000e+00 0.000000000000000000e+00
-1.190335659857111733e-01 9.928902306744311623e-01 0.000000000000000000e+00 -2.121311954192765525e-01 -9.928902306744311623e-01 -1.190335659857112011e-01 0.000000000000000000e+00 -1.975117824425958846e+00 0.000000000000000000e+00 0.000000000000000000e+00 1.000000000000000000e+00 0.000000000000000000e+00
-8.826047731711632316e-02 9.960974290418356247e-01 0.000000000000000000e+00 -2.633690114062242071e-01 -9.960974290418356247e-01 -8.826047731711639255e-02 0.000000000000000000e+00 -2.467303115539870362e+00 0.000000000000000000e+00 0.000000000000000000e+00 1.000000000000000000e+00 0.000000000000000000e+00
-4.195215549866349730e-02 9.991196207907319105e-01 0.000000000000000000e+00 -2.945429389152130484e-01 -9.991196207907317994e-01 -4.195215549866353200e-02 0.000000000000000000e+00 -2.954454507951580489e+00 0.000000000000000000e+00 0.000000000000000000e+00 1.000000000000000000e+00 0.000000000000000000e+00
-5.740289962016657810e-02 9.983510941122851756e-01 0.000000000000000000e+00 -3.236518865132088085e-01 -9.983510941122851756e-01 -5.740289962016667524e-02 0.000000000000000000e+00 -3.452618488204804770e+00 0.000000000000000000e+00 0.000000000000000000e+00 1.000000000000000000e+00 0.000000000000000000e+00
-4.195215549866349730e-02 9.991196207907319105e-01 0.000000000000000000e+00 -3.470680809785228749e-01 -9.991196207907317994e-01 -4.195215549866353200e-02 0.000000000000000000e+00 -3.957467673897683724e+00 0.000000000000000000e+00 0.000000000000000000e+00 1.000000000000000000e+00 0.000000000000000000e+00
-4.195215549866349730e-02 9.991196207907319105e-01 0.000000000000000000e+00 -3.705470428039450703e-01 -9.991196207907317994e-01 -4.195215549866353200e-02 0.000000000000000000e+00 -4.459691822398728078e+00 0.000000000000000000e+00 0.000000000000000000e+00 1.000000000000000000e+00 0.000000000000000000e+00
-4.195215549866349730e-02 9.991196207907319105e-01 0.000000000000000000e+00 -3.937511701436316458e-01 -9.991196207907317994e-01 -4.195215549866353200e-02 0.000000000000000000e+00 -4.944811328430391839e+00 0.000000000000000000e+00 0.000000000000000000e+00 1.000000000000000000e+00 0.000000000000000000e+00
-4.195215549866349730e-02 9.991196207907319105e-01 0.000000000000000000e+00 -4.202136469096843796e-01 -9.991196207907317994e-01 -4.195215549866353200e-02 0.000000000000000000e+00 -5.446190584276108027e+00 0.000000000000000000e+00 0.000000000000000000e+00 1.000000000000000000e+00 0.000000000000000000e+00
1.991621201485822487e-02 9.998016525786397324e-01 0.000000000000000000e+00 -4.231659504377163761e-01 -9.998016525786397324e-01 1.991621201485813467e-02 0.000000000000000000e+00 -5.933943349182550620e+00 0.000000000000000000e+00 0.000000000000000000e+00 1.000000000000000000e+00 0.000000000000000000e+00
4.446514243272872702e-03 9.999901142066776050e-01 0.000000000000000000e+00 -4.211636846040329174e-01 -9.999901142066776050e-01 4.446514243272822395e-03 0.000000000000000000e+00 -6.429997512190514186e+00 0.000000000000000000e+00 0.000000000000000000e+00 1.000000000000000000e+00 0.000000000000000000e+00
4.446514243272872702e-03 9.999901142066776050e-01 0.000000000000000000e+00 -4.206018998429353339e-01 -9.999901142066776050e-01 4.446514243272822395e-03 0.000000000000000000e+00 -6.921231456709701746e+00 0.000000000000000000e+00 0.000000000000000000e+00 1.000000000000000000e+00 0.000000000000000000e+00
4.446514243272872702e-03 9.999901142066776050e-01 0.000000000000000000e+00 -4.199993693178891152e-01 -9.999901142066776050e-01 4.446514243272822395e-03 0.000000000000000000e+00 -7.416550631917937508e+00 0.000000000000000000e+00 0.000000000000000000e+00 1.000000000000000000e+00 0.000000000000000000e+00
-6.590965807393606157e-02 9.978255944665764821e-01 0.000000000000000000e+00 -4.342291114172322497e-01 -9.978255944665764821e-01 -6.590965807393610321e-02 0.000000000000000000e+00 -7.902761613353762371e+00 0.000000000000000000e+00 0.000000000000000000e+00 1.000000000000000000e+00 0.000000000000000000e+00
-9.222639377639819669e-01 3.865607702549158087e-01 0.000000000000000000e+00 -5.424034327184270587e-01 -3.865607702549157532e-01 -9.222639377639819669e-01 0.000000000000000000e+00 -7.917023092275186968e+00 0.000000000000000000e+00 0.000000000000000000e+00 1.000000000000000000e+00 0.000000000000000000e+00
-8.727286651076929802e-01 -4.882055684845718613e-01 0.000000000000000000e+00 -5.481529444763058034e-01 4.882055684845719168e-01 -8.727286651076929802e-01 0.000000000000000000e+00 -7.819830758726979525e+00 0.000000000000000000e+00 0.000000000000000000e+00 1.000000000000000000e+00 0.000000000000000000e+00
-7.563457664479716902e-02 -9.971356030228597511e-01 0.000000000000000000e+00 -4.674621393910287082e-01 9.971356030228597511e-01 -7.563457664479709963e-02 0.000000000000000000e+00 -7.753606727554826605e+00 0.000000000000000000e+00 0.000000000000000000e+00 1.000000000000000000e+00 0.000000000000000000e+00
1.598563448868002002e-01 -9.871402884086092344e-01 0.000000000000000000e+00 -4.335005419731592924e-01 9.871402884086092344e-01 1.598563448868002279e-01 0.000000000000000000e+00 -7.713876242158516305e+00 0.000000000000000000e+00 0.000000000000000000e+00 1.000000000000000000e+00 0.000000000000000000e+00
2.138789936730499108e-01 -9.768601619809271774e-01 0.000000000000000000e+00 -3.797422314250719633e-01 9.768601619809271774e-01 2.138789936730499941e-01 0.000000000000000000e+00 -7.271389902212279210e+00 0.000000000000000000e+00 0.000000000000000000e+00 1.000000000000000000e+00 0.000000000000000000e+00
2.695138109064433851e-01 -9.629965242568042649e-01 0.000000000000000000e+00 -2.166759814970877218e-01 9.629965242568041539e-01 2.695138109064434961e-01 0.000000000000000000e+00 -6.787469132638971558e+00 0.000000000000000000e+00 0.000000000000000000e+00 1.000000000000000000e+00 0.000000000000000000e+00
-7.507218016497974045e-02 -9.971781023294066237e-01 0.000000000000000000e+00 -2.488322348622794000e-01 9.971781023294066237e-01 -7.507218016497969881e-02 0.000000000000000000e+00 -6.312142418508033259e+00 0.000000000000000000e+00 0.000000000000000000e+00 1.000000000000000000e+00 0.000000000000000000e+00
1.738315453615361661e-01 -9.847754027377105812e-01 0.000000000000000000e+00 -1.933631714974726745e-01 9.847754027377105812e-01 1.738315453615362494e-01 0.000000000000000000e+00 -5.813197176608253081e+00 0.000000000000000000e+00 0.000000000000000000e+00 1.000000000000000000e+00 0.000000000000000000e+00
1.679168420357958214e-01 -9.858011636028461977e-01 0.000000000000000000e+00 -9.262005853903138020e-02 9.858011636028461977e-01 1.679168420357958769e-01 0.000000000000000000e+00 -5.307327922115117502e+00 0.000000000000000000e+00 0.000000000000000000e+00 1.000000000000000000e+00 0.000000000000000000e+00
-3.258410666138595452e-02 -9.994689970144543523e-01 0.000000000000000000e+00 -7.528198300198840620e-02 9.994689970144543523e-01 -3.258410666138591288e-02 0.000000000000000000e+00 -4.849374507599326201e+00 0.000000000000000000e+00 0.000000000000000000e+00 1.000000000000000000e+00 0.000000000000000000e+00
-5.194149125330503602e-02 -9.986501296682350759e-01 0.000000000000000000e+00 -1.058178391759922454e-01 9.986501296682350759e-01 -5.194149125330500827e-02 0.000000000000000000e+00 -4.367026801875829811e+00 0.000000000000000000e+00 0.000000000000000000e+00 1.000000000000000000e+00 0.000000000000000000e+00
-5.553846753982982255e-03 -9.999845772741863259e-01 0.000000000000000000e+00 -1.166873838410098507e-01 9.999845772741863259e-01 -5.553846753982897254e-03 0.000000000000000000e+00 -3.868485665983537380e+00 0.000000000000000000e+00 0.000000000000000000e+00 1.000000000000000000e+00 0.000000000000000000e+00
1.025584792034738985e-01 -9.947269767848213595e-01 0.000000000000000000e+00 -7.789978535397068526e-02 9.947269767848212485e-01 1.025584792034739540e-01 0.000000000000000000e+00 -3.360961415543612496e+00 0.000000000000000000e+00 0.000000000000000000e+00 1.000000000000000000e+00 0.000000000000000000e+00
1.638776031736973171e-01 -9.864806795766677405e-01 0.000000000000000000e+00 6.838803177451058257e-03 9.864806795766676295e-01 1.638776031736974281e-01 0.000000000000000000e+00 -2.850236359276836495e+00 0.000000000000000000e+00 0.000000000000000000e+00 1.000000000000000000e+00 0.000000000000000000e+00
-5.553846753982982255e-03 -9.999845772741863259e-01 0.000000000000000000e+00 3.637922827294237660e-02 9.999845772741863259e-01 -5.553846753982897254e-03 0.000000000000000000e+00 -2.375354041274600370e+00 0.000000000000000000e+00 0.000000000000000000e+00 1.000000000000000000e+00 0.000000000000000000e+00
-6.635109384517311193e-02 -9.977963381099115292e-01 0.000000000000000000e+00 -9.368311716106692000e-03 9.977963381099115292e-01 -6.635109384517309805e-02 0.000000000000000000e+00 -1.899268224444323971e+00 0.000000000000000000e+00 0.000000000000000000e+00 1.000000000000000000e+00 0.000000000000000000e+00
3.924204598742666444e-02 -9.992297342587042053e-01 0.000000000000000000e+00 3.082753902370505283e-03 9.992297342587042053e-01 3.924204598742672689e-02 0.000000000000000000e+00 -1.374960405567889454e+00 0.000000000000000000e+00 0.000000000000000000e+00 1.000000000000000000e+00 0.000000000000000000e+00
2.538439775577796403e-02 -9.996777642573513312e-01 0.000000000000000000e+00 1.932033897539814360e-02 9.996777642573512201e-01 2.538439775577799873e-02 0.000000000000000000e+00 -8.805502340139483852e-01 0.000000000000000000e+00 0.000000000000000000e+00 1.000000000000000000e+00 0.000000000000000000e+00
-2.320979096994460825e-02 -9.997306165178354576e-01 0.000000000000000000e+00 1.758810105045449657e-02 9.997306165178354576e-01 -2.320979096994460131e-02 0.000000000000000000e+00 -3.999137546818343214e-01 0.000000000000000000e+00 0.000000000000000000e+00 1.000000000000000000e+00 0.000000000000000000e+00
-9.912712958500055974e-03 -9.999508678539171802e-01 0.000000000000000000e+00 4.248985120881787481e-03 9.999508678539172912e-01 -9.912712958499995258e-03 0.000000000000000000e+00 9.713648558389409438e-02 0.000000000000000000e+00 0.000000000000000000e+00 1.000000000000000000e+00 0.000000000000000000e+00
-5.553846753982982255e-03 -9.999845772741863259e-01 0.000000000000000000e+00 9.159467824139677639e-04 9.999845772741863259e-01 -5.553846753982897254e-03 0.000000000000000000e+00 5.903234469002212048e-01 0.000000000000000000e+00 0.000000000000000000e+00 1.000000000000000000e+00 0.000000000000000000e+00
-1.225113241772005507e-01 -9.924671155501065822e-01 0.000000000000000000e+00 1.521406587338806904e-01 9.924671155501065822e-01 -1.225113241772005229e-01 0.000000000000000000e+00 1.077399448691724881e+00 0.000000000000000000e+00 0.000000000000000000e+00 1.000000000000000000e+00 0.000000000000000000e+00
-8.798093102540626154e-01 -4.753268113522216010e-01 0.000000000000000000e+00 2.549916101783877842e-01 4.753268113522216565e-01 -8.798093102540626154e-01 0.000000000000000000e+00 1.178993832015607257e+00 0.000000000000000000e+00 0.000000000000000000e+00 1.000000000000000000e+00 0.000000000000000000e+00
-9.680941095718408329e-01 -2.505869011187629725e-01 0.000000000000000000e+00 4.128959679986975995e-01 2.505869011187630280e-01 -9.680941095718407219e-01 0.000000000000000000e+00 1.181192649505698800e+00 0.000000000000000000e+00 0.000000000000000000e+00 1.000000000000000000e+00 0.000000000000000000e+00
-9.740422619848438934e-01 -2.263662339383870903e-01 0.000000000000000000e+00 2.078793072458973989e-01 2.263662339383871458e-01 -9.740422619848437824e-01 0.000000000000000000e+00 1.288831992790438363e+00 0.000000000000000000e+00 0.000000000000000000e+00 1.000000000000000000e+00 0.000000000000000000e+00
-9.961065163164283254e-01 -8.815785927499088237e-02 0.000000000000000000e+00 -3.720960775112669428e-02 8.815785927499089625e-02 -9.961065163164282144e-01 0.000000000000000000e+00 1.360753213717103227e+00 0.000000000000000000e+00 0.000000000000000000e+00 1.000000000000000000e+00 0.000000000000000000e+00
-9.980820498574304311e-01 6.190494125988345309e-02 0.000000000000000000e+00 -2.532440143263809396e-01 -6.190494125988339064e-02 -9.980820498574304311e-01 0.000000000000000000e+00 1.331557752551392859e+00 0.000000000000000000e+00 0.000000000000000000e+00 1.000000000000000000e+00 0.000000000000000000e+00
-9.985260331534190348e-01 5.427486632776707537e-02 0.000000000000000000e+00 -6.060415150877238588e-01 -5.427486632776701986e-02 -9.985260331534190348e-01 0.000000000000000000e+00 1.313798756252351652e+00 0.000000000000000000e+00 0.000000000000000000e+00 1.000000000000000000e+00 0.000000000000000000e+00
-4.959768780877889527e-01 8.683357279314782851e-01 0.000000000000000000e+00 -6.866013702111677386e-01 -8.683357279314782851e-01 -4.959768780877890082e-01 0.000000000000000000e+00 1.185748474724001245e+00 0.000000000000000000e+00 0.000000000000000000e+00 1.000000000000000000e+00 0.000000000000000000e+00
-3.193499809787839760e-01 9.476368448139034228e-01 0.000000000000000000e+00 -6.804734130503145018e-01 -9.476368448139034228e-01 -3.193499809787840316e-01 0.000000000000000000e+00 1.109545469704284804e+00 0.000000000000000000e+00 0.000000000000000000e+00 1.000000000000000000e+00 0.000000000000000000e+00
-1.767893628471992884e-01 9.842487090080845880e-01 0.000000000000000000e+00 -7.502858528547893258e-01 -9.842487090080844769e-01 -1.767893628471992884e-01 0.000000000000000000e+00 6.868558262960898775e-01 0.000000000000000000e+00 0.000000000000000000e+00 1.000000000000000000e+00 0.000000000000000000e+00
2.680000374003908004e-01 9.634189015964909064e-01 0.000000000000000000e+00 -6.774125452857970853e-01 -9.634189015964909064e-01 2.680000374003907448e-01 0.000000000000000000e+00 3.035893224949408609e-01 0.000000000000000000e+00 0.000000000000000000e+00 1.000000000000000000e+00 0.000000000000000000e+00
2.617353959205912656e-02 9.996574142301065669e-01 0.000000000000000000e+00 -5.850001761543439649e-01 -9.996574142301065669e-01 2.617353959205907452e-02 0.000000000000000000e+00 -1.832908952501526301e-01 0.000000000000000000e+00 0.000000000000000000e+00 1.000000000000000000e+00 0.000000000000000000e+00
1.304199432784112211e-01 9.914588435206254102e-01 0.000000000000000000e+00 -5.818322405241567186e-01 -9.914588435206254102e-01 1.304199432784111379e-01 0.000000000000000000e+00 -6.323090282925096783e-01 0.000000000000000000e+00 0.000000000000000000e+00 1.000000000000000000e+00 0.000000000000000000e+00
-1.370963340497077521e-01 9.905577192623006288e-01 0.000000000000000000e+00 -5.136652026838735008e-01 -9.905577192623006288e-01 -1.370963340497077243e-01 0.000000000000000000e+00 -8.858630659493391679e-01 0.000000000000000000e+00 0.000000000000000000e+00 1.000000000000000000e+00 0.000000000000000000e+00
-2.743690110500426327e-01 9.616244827246347437e-01 0.000000000000000000e+00 -5.154410399242668195e-01 -9.616244827246347437e-01 -2.743690110500426882e-01 0.000000000000000000e+00 -8.934992513252726365e-01 0.000000000000000000e+00 0.000000000000000000e+00 1.000000000000000000e+00 0.000000000000000000e+00
-1.828253469351656668e-01 9.831454076168164580e-01 0.000000000000000000e+00 -5.202186894168272513e-01 -9.831454076168164580e-01 -1.828253469351657778e-01 0.000000000000000000e+00 -1.096584108981688788e+00 0.000000000000000000e+00 0.000000000000000000e+00 1.000000000000000000e+00 0.000000000000000000e+00
-3.095193047594799740e-01 9.508931590779312604e-01 0.000000000000000000e+00 -6.685326627449061920e-01 -9.508931590779312604e-01 -3.095193047594800295e-01 0.000000000000000000e+00 -1.602069920268846870e+00 0.000000000000000000e+00 0.000000000000000000e+00 1.000000000000000000e+00 0.000000000000000000e+00
-8.031288106061636178e-02 9.967697031590311285e-01 0.000000000000000000e+00 -7.323309813910177102e-01 -9.967697031590311285e-01 -8.031288106061641729e-02 0.000000000000000000e+00 -2.082313039095062379e+00 0.000000000000000000e+00 0.000000000000000000e+00 1.000000000000000000e+00 0.000000000000000000e+00
-6.084486614919036584e-02 9.981472347621300756e-01 0.000000000000000000e+00 -7.303559736960480997e-01 -9.981472347621300756e-01 -6.084486614919043523e-02 0.000000000000000000e+00 -2.560121801532090124e+00 0.000000000000000000e+00 0.000000000000000000e+00 1.000000000000000000e+00 0.000000000000000000e+00
-1.069723974711813130e-01 9.942619907143526170e-01 0.000000000000000000e+00 -7.671847222793595211e-01 -9.942619907143526170e-01 -1.069723974711813685e-01 0.000000000000000000e+00 -3.059306970184754171e+00 0.000000000000000000e+00 0.000000000000000000e+00 1.000000000000000000e+00 0.000000000000000000e+00
-6.061229619399139540e-02 9.981613845216070757e-01 0.000000000000000000e+00 -7.863918508763696469e-01 -9.981613845216070757e-01 -6.061229619399144397e-02 0.000000000000000000e+00 -3.534675522157914251e+00 0.000000000000000000e+00 0.000000000000000000e+00 1.000000000000000000e+00 0.000000000000000000e+00
-6.049551089740801829e-02 9.981684693283300325e-01 0.000000000000000000e+00 -8.094014458967966341e-01 -9.981684693283301435e-01 -6.049551089740805992e-02 0.000000000000000000e+00 -4.059603912438905837e+00 0.000000000000000000e+00 0.000000000000000000e+00 1.000000000000000000e+00 0.000000000000000000e+00
-6.037972294821171426e-02 9.981754800919010462e-01 0.000000000000000000e+00 -8.276617501313794367e-01 -9.981754800919009352e-01 -6.037972294821174202e-02 0.000000000000000000e+00 -4.549467245839416307e+00 0.000000000000000000e+00 0.000000000000000000e+00 1.000000000000000000e+00 0.000000000000000000e+00
-7.569799012644412572e-02 9.971307909651655477e-01 0.000000000000000000e+00 -8.480492774049817051e-01 -9.971307909651654366e-01 -7.569799012644419511e-02 0.000000000000000000e+00 -5.040190746166911318e+00 0.000000000000000000e+00 0.000000000000000000e+00 1.000000000000000000e+00 0.000000000000000000e+00
-6.014714642447752807e-02 9.981895214722464882e-01 0.000000000000000000e+00 -8.647893366260130943e-01 -9.981895214722463772e-01 -6.014714642447761134e-02 0.000000000000000000e+00 -5.525075245055334427e+00 0.000000000000000000e+00 0.000000000000000000e+00 1.000000000000000000e+00 0.000000000000000000e+00
-6.003135603557619576e-02 9.981964918253969365e-01 0.000000000000000000e+00 -8.849822351900176187e-01 -9.981964918253969365e-01 -6.003135603557627209e-02 0.000000000000000000e+00 -6.021175259557028703e+00 0.000000000000000000e+00 0.000000000000000000e+00 1.000000000000000000e+00 0.000000000000000000e+00
-6.412743739049640845e-02 9.979417176236936582e-01 0.000000000000000000e+00 -9.050603529224330313e-01 -9.979417176236935472e-01 -6.412743739049647784e-02 0.000000000000000000e+00 -6.504762910198900627e+00 0.000000000000000000e+00 0.000000000000000000e+00 1.000000000000000000e+00 0.000000000000000000e+00
-5.892831248668616712e-02 9.982622170489431346e-01 0.000000000000000000e+00 -9.236866434408641524e-01 -9.982622170489431346e-01 -5.892831248668625732e-02 0.000000000000000000e+00 -7.033584173152199526e+00 0.000000000000000000e+00 0.000000000000000000e+00 1.000000000000000000e+00 0.000000000000000000e+00
-7.232028040016140469e-02 9.973814601459373153e-01 0.000000000000000000e+00 -9.396464827352959404e-01 -9.973814601459373153e-01 -7.232028040016146020e-02 0.000000000000000000e+00 -7.520655068360174056e+00 0.000000000000000000e+00 0.000000000000000000e+00 1.000000000000000000e+00 0.000000000000000000e+00
-6.568997284463090613e-01 7.539779484621320638e-01 0.000000000000000000e+00 -1.018185453930804174e+00 -7.539779484621320638e-01 -6.568997284463090613e-01 0.000000000000000000e+00 -7.790666832038260381e+00 0.000000000000000000e+00 0.000000000000000000e+00 1.000000000000000000e+00 0.000000000000000000e+00
-9.989108522027972947e-01 -4.665950440672374938e-02 0.000000000000000000e+00 -1.036551327606804573e+00 4.665950440672377020e-02 -9.989108522027972947e-01 0.000000000000000000e+00 -7.695503399165557923e+00 0.000000000000000000e+00 0.000000000000000000e+00 1.000000000000000000e+00 0.000000000000000000e+00
-4.812050562337275572e-01 -8.766080617100752148e-01 0.000000000000000000e+00 -9.728757751971552903e-01 8.766080617100752148e-01 -4.812050562337274462e-01 0.000000000000000000e+00 -7.596008905472054096e+00 0.000000000000000000e+00 0.000000000000000000e+00 1.000000000000000000e+00 0.000000000000000000e+00
2.085020769361877191e-01 -9.780219240453129625e-01 0.000000000000000000e+00 -8.812332467288481741e-01 9.780219240453129625e-01 2.085020769361878024e-01 0.000000000000000000e+00 -7.572325602325429728e+00 0.000000000000000000e+00 0.000000000000000000e+00 1.000000000000000000e+00 0.000000000000000000e+00
5.519406248419973099e-02 -9.984756459055423861e-01 0.000000000000000000e+00 -8.817660061121965764e-01 9.984756459055423861e-01 5.519406248419980038e-02 0.000000000000000000e+00 -7.575803633009515536e+00 0.000000000000000000e+00 0.000000000000000000e+00 1.000000000000000000e+00 0.000000000000000000e+00
1.779168546472908730e-01 -9.840455237601636318e-01 0.000000000000000000e+00 -8.507518856738254254e-01 9.840455237601635208e-01 1.779168546472909007e-01 0.000000000000000000e+00 -7.569356008374494849e+00 0.000000000000000000e+00 0.000000000000000000e+00 1.000000000000000000e+00 0.000000000000000000e+00
2.305239731783143564e-01 -9.730666461194132921e-01 0.000000000000000000e+00 -7.633138292901797683e-01 9.730666461194132921e-01 2.305239731783144119e-01 0.000000000000000000e+00 -7.282843337120933569e+00 0.000000000000000000e+00 0.000000000000000000e+00 1.000000000000000000e+00 0.000000000000000000e+00
2.382058686896147415e-01 -9.712146848775639052e-01 0.000000000000000000e+00 -6.284617705930779508e-01 9.712146848775639052e-01 2.382058686896148247e-01 0.000000000000000000e+00 -6.802282158919702226e+00 0.000000000000000000e+00 0.000000000000000000e+00 1.000000000000000000e+00 0.000000000000000000e+00
2.380922349413434336e-01 -9.712425483166581275e-01 0.000000000000000000e+00 -4.915481343039575512e-01 9.712425483166581275e-01 2.380922349413434058e-01 0.000000000000000000e+00 -6.318125319745568014e+00 0.000000000000000000e+00 0.000000000000000000e+00 1.000000000000000000e+00 0.000000000000000000e+00
2.328586669783320739e-01 -9.725105866843168911e-01 0.000000000000000000e+00 -3.596791555006024210e-01 9.725105866843167801e-01 2.328586669783321295e-01 0.000000000000000000e+00 -5.841276808961104017e+00 0.000000000000000000e+00 0.000000000000000000e+00 1.000000000000000000e+00 0.000000000000000000e+00
2.228120857011816613e-01 -9.748614129533946793e-01 0.000000000000000000e+00 -2.264430922211300712e-01 9.748614129533946793e-01 2.228120857011816891e-01 0.000000000000000000e+00 -5.348424559862261951e+00 0.000000000000000000e+00 0.000000000000000000e+00 1.000000000000000000e+00 0.000000000000000000e+00
1.466978009424060869e-01 -9.891813560711008035e-01 0.000000000000000000e+00 -1.224110033301131217e-01 9.891813560711008035e-01 1.466978009424061147e-01 0.000000000000000000e+00 -4.859637115791763051e+00 0.000000000000000000e+00 0.000000000000000000e+00 1.000000000000000000e+00 0.000000000000000000e+00
1.618678034248597075e-01 -9.868124513880086601e-01 0.000000000000000000e+00 -4.772405289732378764e-02 9.868124513880086601e-01 1.618678034248597075e-01 0.000000000000000000e+00 -4.377284961448020262e+00 0.000000000000000000e+00 0.000000000000000000e+00 1.000000000000000000e+00 0.000000000000000000e+00
1.810373467523634650e-01 -9.834762219194037591e-01 0.000000000000000000e+00 8.467773295973091141e-02 9.834762219194037591e-01 1.810373467523634927e-01 0.000000000000000000e+00 -3.881517004856569919e+00 0.000000000000000000e+00 0.000000000000000000e+00 1.000000000000000000e+00 0.000000000000000000e+00
-1.638013976559909712e-01 -9.864933360778185278e-01 0.000000000000000000e+00 3.135320488957399343e-02 9.864933360778185278e-01 -1.638013976559909435e-01 0.000000000000000000e+00 -3.431135670137762439e+00 0.000000000000000000e+00 0.000000000000000000e+00 1.000000000000000000e+00 0.000000000000000000e+00
1.309162470475195850e-01 -9.913934316198552699e-01 0.000000000000000000e+00 7.354599555460378246e-02 9.913934316198552699e-01 1.309162470475196960e-01 0.000000000000000000e+00 -2.918597955902119345e+00 0.000000000000000000e+00 0.000000000000000000e+00 1.000000000000000000e+00 0.000000000000000000e+00
-6.857601285636147348e-02 -9.976458943235941845e-01 0.000000000000000000e+00 1.291375475218388136e-01 9.976458943235941845e-01 -6.857601285636144572e-02 0.000000000000000000e+00 -2.425204216190238959e+00 0.000000000000000000e+00 0.000000000000000000e+00 1.000000000000000000e+00 0.000000000000000000e+00
-2.487300473328854789e-01 -9.685728488625832133e-01 0.000000000000000000e+00 -1.872105555305653146e-02 9.685728488625832133e-01 -2.487300473328854233e-01 0.000000000000000000e+00 -1.940008946660802591e+00 0.000000000000000000e+00 0.000000000000000000e+00 1.000000000000000000e+00 0.000000000000000000e+00
-3.807866103673680780e-03 -9.999927500515873868e-01 0.000000000000000000e+00 -1.977449811013337611e-02 9.999927500515872758e-01 -3.807866103673593610e-03 0.000000000000000000e+00 -1.433464146332364963e+00 0.000000000000000000e+00 0.000000000000000000e+00 1.000000000000000000e+00 0.000000000000000000e+00
-2.387460664895408105e-02 -9.997149609550503024e-01 0.000000000000000000e+00 1.339716920042033355e-03 9.997149609550501914e-01 -2.387460664895404289e-02 0.000000000000000000e+00 -9.330844550941395088e-01 0.000000000000000000e+00 0.000000000000000000e+00 1.000000000000000000e+00 0.000000000000000000e+00
-1.991611769677472388e-01 -9.799667471852407941e-01 0.000000000000000000e+00 -5.215676690719578401e-02 9.799667471852407941e-01 -1.991611769677471833e-01 0.000000000000000000e+00 -4.777572335774349366e-01 0.000000000000000000e+00 0.000000000000000000e+00 1.000000000000000000e+00 0.000000000000000000e+00
-7.937927565560673471e-02 -9.968444866659950110e-01 0.000000000000000000e+00 -1.035478629950791207e-01 9.968444866659950110e-01 -7.937927565560669307e-02 0.000000000000000000e+00 2.200175751315414097e-02 0.000000000000000000e+00 0.000000000000000000e+00 1.000000000000000000e+00 0.000000000000000000e+00
5.310113782306383201e-02 -9.985891393170145403e-01 0.000000000000000000e+00 -7.290740827737246521e-02 9.985891393170145403e-01 5.310113782306385977e-02 0.000000000000000000e+00 5.540064608369985599e-01 0.000000000000000000e+00 0.000000000000000000e+00 1.000000000000000000e+00 0.000000000000000000e+00
-5.982014050976770109e-02 -9.982091718619858778e-01 0.000000000000000000e+00 -1.913213822454280510e-01 9.982091718619857668e-01 -5.982014050976763864e-02 0.000000000000000000e+00 1.039939685487355714e+00 0.000000000000000000e+00 0.000000000000000000e+00 1.000000000000000000e+00 0.000000000000000000e+00
-1.567191524191476892e-01 -9.876432084842299286e-01 0.000000000000000000e+00 -3.640150066029188003e-01 9.876432084842298176e-01 -1.567191524191476615e-01 0.000000000000000000e+00 1.319153447247541688e+00 0.000000000000000000e+00 0.000000000000000000e+00 1.000000000000000000e+00 0.000000000000000000e+00
-7.277632347417831715e-01 -6.858284582591889222e-01 0.000000000000000000e+00 -5.446039559819257914e-01 6.858284582591889222e-01 -7.277632347417831715e-01 0.000000000000000000e+00 1.269081029978290864e+00 0.000000000000000000e+00 0.000000000000000000e+00 1.000000000000000000e+00 0.000000000000000000e+00
-9.928075043509214659e-01 -1.197215908033924248e-01 0.000000000000000000e+00 -7.335617632045505765e-01 1.197215908033924525e-01 -9.928075043509214659e-01 0.000000000000000000e+00 1.214014569518063968e+00 0.000000000000000000e+00 0.000000000000000000e+00 1.000000000000000000e+00 0.000000000000000000e+00
-9.844936741715125672e-01 -1.754200829901623737e-01 0.000000000000000000e+00 -7.095737529491543683e-01 1.754200829901624292e-01 -9.844936741715125672e-01 0.000000000000000000e+00 1.269108059441890646e+00 0.000000000000000000e+00 0.000000000000000000e+00 1.000000000000000000e+00 0.000000000000000000e+00
-9.927301977752739370e-01 -1.203609339655739019e-01 0.000000000000000000e+00 -6.123829756953678150e-01 1.203609339655739296e-01 -9.927301977752739370e-01 0.000000000000000000e+00 1.337613808264928483e+00 0.000000000000000000e+00 0.000000000000000000e+00 1.000000000000000000e+00 0.000000000000000000e+00
-9.964003254271718291e-01 -8.477258689355732235e-02 0.000000000000000000e+00 -7.261329208137521363e-01 8.477258689355739174e-02 -9.964003254271719401e-01 0.000000000000000000e+00 1.391173723785442240e+00 0.000000000000000000e+00 0.000000000000000000e+00 1.000000000000000000e+00 0.000000000000000000e+00
-9.992902134498012900e-01 -3.767053627771255186e-02 0.000000000000000000e+00 -6.266161492990287574e-01 3.767053627771258656e-02 -9.992902134498012900e-01 0.000000000000000000e+00 1.413255575888166859e+00 0.000000000000000000e+00 0.000000000000000000e+00 1.000000000000000000e+00 0.000000000000000000e+00
-9.996995358817520883e-01 -2.451199620205069332e-02 0.000000000000000000e+00 -1.241600857349156817e+00 2.451199620205072455e-02 -9.996995358817520883e-01 0.000000000000000000e+00 1.436451597475927988e+00 0.000000000000000000e+00 0.000000000000000000e+00 1.000000000000000000e+00 0.000000000000000000e+00
-6.854077108538504381e-01 7.281595085570773396e-01 0.000000000000000000e+00 -1.422037875070435886e+00 -7.281595085570773396e-01 -6.854077108538504381e-01 0.000000000000000000e+00 1.353482364908368041e+00 0.000000000000000000e+00 0.000000000000000000e+00 1.000000000000000000e+00 0.000000000000000000e+00
8.678123343508224730e-02 9.962273924779853074e-01 0.000000000000000000e+00 -1.370848033519341369e+00 -9.962273924779853074e-01 8.678123343508221954e-02 0.000000000000000000e+00 1.292930385196934040e+00 0.000000000000000000e+00 0.000000000000000000e+00 1.000000000000000000e+00 0.000000000000000000e+00
1.236879599881697683e-01 9.923211620004708244e-01 0.000000000000000000e+00 -1.356909176889844693e+00 -9.923211620004708244e-01 1.236879599881696989e-01 0.000000000000000000e+00 8.039798062261512834e-01 0.000000000000000000e+00 0.000000000000000000e+00 1.000000000000000000e+00 0.000000000000000000e+00
8.388384132992869613e-02 9.964755396715642144e-01 0.000000000000000000e+00 -1.336854211793426339e+00 -9.964755396715642144e-01 8.388384132992866837e-02 0.000000000000000000e+00 2.774959266514969158e-01 0.000000000000000000e+00 0.000000000000000000e+00 1.000000000000000000e+00 0.000000000000000000e+00
4.394437303641634401e-02 9.990339794413581886e-01 0.000000000000000000e+00 -1.341115142181051878e+00 -9.990339794413581886e-01 4.394437303641630932e-02 0.000000000000000000e+00 -2.408960083602607050e-01 0.000000000000000000e+00 0.000000000000000000e+00 1.000000000000000000e+00 0.000000000000000000e+00
1.005025630718639623e-01 9.949367994078749389e-01 0.000000000000000000e+00 -1.330044491789117878e+00 -9.949367994078748278e-01 1.005025630718639068e-01 0.000000000000000000e+00 -7.243960785493939181e-01 0.000000000000000000e+00 0.000000000000000000e+00 1.000000000000000000e+00 0.000000000000000000e+00
8.756324511947750910e-02 9.961589622666385813e-01 0.000000000000000000e+00 -1.310881066126536654e+00 -9.961589622666385813e-01 8.756324511947742584e-02 0.000000000000000000e+00 -1.213466688426819706e+00 0.000000000000000000e+00 0.000000000000000000e+00 1.000000000000000000e+00 0.000000000000000000e+00
7.851164567962465313e-02 9.969131965686264252e-01 0.000000000000000000e+00 -1.300223514690516557e+00 -9.969131965686264252e-01 7.851164567962459762e-02 0.000000000000000000e+00 -1.702871163010357014e+00 0.000000000000000000e+00 0.000000000000000000e+00 1.000000000000000000e+00 0.000000000000000000e+00
6.945356900373829412e-02 9.975851852110890761e-01 0.000000000000000000e+00 -1.291385152336588682e+00 -9.975851852110890761e-01 6.945356900373822473e-02 0.000000000000000000e+00 -2.197138276392280432e+00 0.000000000000000000e+00 0.000000000000000000e+00 1.000000000000000000e+00 0.000000000000000000e+00
7.582468275125965607e-02 9.971211648970603747e-01 0.000000000000000000e+00 -1.284905770034143746e+00 -9.971211648970603747e-01 7.582468275125960055e-02 0.000000000000000000e+00 -2.689165875961633034e+00 0.000000000000000000e+00 0.000000000000000000e+00 1.000000000000000000e+00 0.000000000000000000e+00
1.026295066276986107e-01 9.947196511426498189e-01 0.000000000000000000e+00 -1.264279712802933053e+00 -9.947196511426498189e-01 1.026295066276985274e-01 0.000000000000000000e+00 -3.187755545818615310e+00 0.000000000000000000e+00 0.000000000000000000e+00 1.000000000000000000e+00 0.000000000000000000e+00
1.346730794317421709e-01 9.908900855677038599e-01 0.000000000000000000e+00 -1.233227508366964820e+00 -9.908900855677038599e-01 1.346730794317421154e-01 0.000000000000000000e+00 -3.676084726483324516e+00 0.000000000000000000e+00 0.000000000000000000e+00 1.000000000000000000e+00 0.000000000000000000e+00
1.256673932526596593e-01 9.920724299531165080e-01 0.000000000000000000e+00 -1.200566917578663739e+00 -9.920724299531165080e-01 1.256673932526596038e-01 0.000000000000000000e+00 -4.167825998931914633e+00 0.000000000000000000e+00 0.000000000000000000e+00 1.000000000000000000e+00 0.000000000000000000e+00
1.166523326460634086e-01 9.931728113919712220e-01 0.000000000000000000e+00 -1.172478906066392490e+00 -9.931728113919712220e-01 1.166523326460633253e-01 0.000000000000000000e+00 -4.650290719663170869e+00 0.000000000000000000e+00 0.000000000000000000e+00 1.000000000000000000e+00 0.000000000000000000e+00
1.076266561121178161e-01 9.941913814221705614e-01 0.000000000000000000e+00 -1.145952589841970015e+00 -9.941913814221704504e-01 1.076266561121177606e-01 0.000000000000000000e+00 -5.146689366970514712e+00 0.000000000000000000e+00 0.000000000000000000e+00 1.000000000000000000e+00 0.000000000000000000e+00
9.859210034440862858e-02 9.951279303434700241e-01 0.000000000000000000e+00 -1.128082553220391082e+00 -9.951279303434699131e-01 9.859210034440855919e-02 0.000000000000000000e+00 -5.630916243805272892e+00 0.000000000000000000e+00 0.000000000000000000e+00 1.000000000000000000e+00 0.000000000000000000e+00
8.208207743335138584e-02 9.966255729029961374e-01 0.000000000000000000e+00 -1.111345299938085063e+00 -9.966255729029960264e-01 8.208207743335130258e-02 0.000000000000000000e+00 -6.128081686206053647e+00 0.000000000000000000e+00 0.000000000000000000e+00 1.000000000000000000e+00 0.000000000000000000e+00
8.050032994840169986e-02 9.967545820703300752e-01 0.000000000000000000e+00 -1.099362805067166660e+00 -9.967545820703300752e-01 8.050032994840168599e-02 0.000000000000000000e+00 -6.618921170857264613e+00 0.000000000000000000e+00 0.000000000000000000e+00 1.000000000000000000e+00 0.000000000000000000e+00
7.548466003213456788e-02 9.971469631402549716e-01 0.000000000000000000e+00 -1.088856214993523697e+00 -9.971469631402549716e-01 7.548466003213448461e-02 0.000000000000000000e+00 -7.116298400840731730e+00 0.000000000000000000e+00 0.000000000000000000e+00 1.000000000000000000e+00 0.000000000000000000e+00
6.238099975991964752e-02 9.980524088788887971e-01 0.000000000000000000e+00 -1.083741265822476096e+00 -9.980524088788887971e-01 6.238099975991959895e-02 0.000000000000000000e+00 -7.608082438857397989e+00 0.000000000000000000e+00 0.000000000000000000e+00 1.000000000000000000e+00 0.000000000000000000e+00
5.802192392020465855e-02 9.983153090805518826e-01 0.000000000000000000e+00 -1.084303111538833297e+00 -9.983153090805518826e-01 5.802192392020460998e-02 0.000000000000000000e+00 -8.064192812949448452e+00 0.000000000000000000e+00 0.000000000000000000e+00 1.000000000000000000e+00 0.000000000000000000e+00
-2.091038597034921565e-01 9.778934378842625286e-01 0.000000000000000000e+00 -1.146693693501497968e+00 -9.778934378842625286e-01 -2.091038597034921565e-01 0.000000000000000000e+00 -8.056239123782788170e+00 0.000000000000000000e+00 0.000000000000000000e+00 1.000000000000000000e+00 0.000000000000000000e+00
-9.397594000438688200e-01 3.418366130612509601e-01 0.000000000000000000e+00 -1.266665955748362604e+00 -3.418366130612509046e-01 -9.397594000438688200e-01 0.000000000000000000e+00 -7.996465853407398683e+00 0.000000000000000000e+00 0.000000000000000000e+00 1.000000000000000000e+00 0.000000000000000000e+00
-7.759374689766792565e-01 -6.308098320714926599e-01 0.000000000000000000e+00 -1.387182036345025127e+00 6.308098320714927709e-01 -7.759374689766792565e-01 0.000000000000000000e+00 -7.888001744534376414e+00 0.000000000000000000e+00 0.000000000000000000e+00 1.000000000000000000e+00 0.000000000000000000e+00
2.545137610895786134e-02 -9.996760612589260520e-01 0.000000000000000000e+00 -1.336630835871054801e+00 9.996760612589261630e-01 2.545137610895793420e-02 0.000000000000000000e+00 -7.837981564320379846e+00 0.000000000000000000e+00 0.000000000000000000e+00 1.000000000000000000e+00 0.000000000000000000e+00
4.041211683368118451e-02 -9.991830967410431086e-01 0.000000000000000000e+00 -1.358140433366197497e+00 9.991830967410431086e-01 4.041211683368124696e-02 0.000000000000000000e+00 -7.712244056914686396e+00 0.000000000000000000e+00 0.000000000000000000e+00 1.000000000000000000e+00 0.000000000000000000e+00
1.394630301662830030e-01 -9.902272785663088772e-01 0.000000000000000000e+00 -1.326342190848290636e+00 9.902272785663088772e-01 1.394630301662831418e-01 0.000000000000000000e+00 -7.221291136419480949e+00 0.000000000000000000e+00 0.000000000000000000e+00 1.000000000000000000e+00 0.000000000000000000e+00
1.941718134339349700e-01 -9.809675360926970455e-01 0.000000000000000000e+00 -1.255327783627641303e+00 9.809675360926970455e-01 1.941718134339350810e-01 0.000000000000000000e+00 -6.729799032275275650e+00 0.000000000000000000e+00 0.000000000000000000e+00 1.000000000000000000e+00 0.000000000000000000e+00
