-2.948939741426774910e-02 9.995650931480867252e-01 0.000000000000000000e+00 5.392890000000000184e-02 -9.995650931480867252e-01 -2.948939741426774910e-02 0.000000000000000000e+00 7.279670000000000585e-02 0.000000000000000000e+00 0.000000000000000000e+00 1.000000000000000000e+00 0.000000000000000000e+00
-2.361147874703225374e-02 9.997212101738056633e-01 0.000000000000000000e+00 5.109745000000000259e-02 -9.997212101738056633e-01 -2.361147874703225374e-02 0.000000000000000000e+00 1.353227500000000680e-02 0.000000000000000000e+00 0.000000000000000000e+00 1.000000000000000000e+00 0.000000000000000000e+00
-1.773274372943826546e-02 9.998427625381033357e-01 0.000000000000000000e+00 4.826600000000000334e-02 -9.998427625381033357e-01 -1.773274372943826546e-02 0.000000000000000000e+00 -4.573214999999999225e-02 0.000000000000000000e+00 0.000000000000000000e+00 1.000000000000000000e+00 0.000000000000000000e+00
-1.185339561463593337e-02 9.999297460383919089e-01 0.000000000000000000e+00 4.543455000000000410e-02 -9.999297460383919089e-01 -1.185339561463593337e-02 0.000000000000000000e+00 -1.049965749999999948e-01 0.000000000000000000e+00 0.000000000000000000e+00 1.000000000000000000e+00 0.000000000000000000e+00
-5.973637676972825411e-03 9.999821576672777157e-01 0.000000000000000000e+00 4.260309999999999792e-02 -9.999821576672777157e-01 -5.973637676972825411e-03 0.000000000000000000e+00 -1.642609999999999904e-01 0.000000000000000000e+00 0.000000000000000000e+00 1.000000000000000000e+00 0.000000000000000000e+00
-1.441567386757015672e-02 9.998960887747005977e-01 0.000000000000000000e+00 4.095832500000000376e-02 -9.998960887747005977e-01 -1.441567386757015672e-02 0.000000000000000000e+00 -2.208485000000000031e-01 0.000000000000000000e+00 0.000000000000000000e+00 1.000000000000000000e+00 0.000000000000000000e+00
-2.285668257549307303e-02 9.997387519055381810e-01 0.000000000000000000e+00 3.931355000000000266e-02 -9.997387519055381810e-01 -2.285668257549307303e-02 0.000000000000000000e+00 -2.774360000000000159e-01 0.000000000000000000e+00 0.000000000000000000e+00 1.000000000000000000e+00 0.000000000000000000e+00
-3.129606216461364859e-02 9.995101582740361090e-01 0.000000000000000000e+00 3.766877500000000156e-02 -9.995101582740361090e-01 -3.129606216461364859e-02 0.000000000000000000e+00 -3.340235000000000287e-01 0.000000000000000000e+00 0.000000000000000000e+00 1.000000000000000000e+00 0.000000000000000000e+00
-3.973321111492003621e-02 9.992103241732929186e-01 0.000000000000000000e+00 3.602400000000000047e-02 -9.992103241732929186e-01 -3.973321111492003621e-02 0.000000000000000000e+00 -3.906109999999999860e-01 0.000000000000000000e+00 0.000000000000000000e+00 1.000000000000000000e+00 0.000000000000000000e+00
-5.829560419735875521e-02 9.982993651862476225e-01 0.000000000000000000e+00 3.130025000000000168e-02 -9.982993651862476225e-01 -5.829560419735875521e-02 0.000000000000000000e+00 -4.457664999999999544e-01 0.000000000000000000e+00 0.000000000000000000e+00 1.000000000000000000e+00 0.000000000000000000e+00
-7.683786242796165900e-02 9.970436013021204413e-01 0.000000000000000000e+00 2.657649999999999943e-02 -9.970436013021204413e-01 -7.683786242796165900e-02 0.000000000000000000e+00 -5.009219999999999784e-01 0.000000000000000000e+00 0.000000000000000000e+00 1.000000000000000000e+00 0.000000000000000000e+00
-9.535358145382258344e-02 9.954434662520665889e-01 0.000000000000000000e+00 2.185274999999999718e-02 -9.954434662520665889e-01 -9.535358145382258344e-02 0.000000000000000000e+00 -5.560775000000000023e-01 0.000000000000000000e+00 0.000000000000000000e+00 1.000000000000000000e+00 0.000000000000000000e+00
-1.138363660884719047e-01 9.934995127103845025e-01 0.000000000000000000e+00 1.712899999999999839e-02 -9.934995127103845025e-01 -1.138363660884719047e-01 0.000000000000000000e+00 -6.112330000000000263e-01 0.000000000000000000e+00 0.000000000000000000e+00 1.000000000000000000e+00 0.000000000000000000e+00
-1.252215871882945142e-01 9.921287991496086089e-01 0.000000000000000000e+00 7.856699999999997713e-03 -9.921287991496086089e-01 -1.252215871882945142e-01 0.000000000000000000e+00 -6.694335000000000147e-01 0.000000000000000000e+00 0.000000000000000000e+00 1.000000000000000000e+00 0.000000000000000000e+00
-1.365903413845386827e-01 9.906276185532357781e-01 0.000000000000000000e+00 -1.415600000000001232e-03 -9.906276185532357781e-01 -1.365903413845386827e-01 0.000000000000000000e+00 -7.276340000000000030e-01 0.000000000000000000e+00 0.000000000000000000e+00 1.000000000000000000e+00 0.000000000000000000e+00
-1.479411336619804729e-01 9.889961683296897288e-01 0.000000000000000000e+00 -1.068790000000000018e-02 -9.889961683296897288e-01 -1.479411336619804729e-01 0.000000000000000000e+00 -7.858344999999999914e-01 0.000000000000000000e+00 0.000000000000000000e+00 1.000000000000000000e+00 0.000000000000000000e+00
-1.592724713674269210e-01 9.872346630181256799e-01 0.000000000000000000e+00 -1.996020000000000086e-02 -9.872346630181256799e-01 -1.592724713674269210e-01 0.000000000000000000e+00 -8.440349999999999797e-01 0.000000000000000000e+00 0.000000000000000000e+00 1.000000000000000000e+00 0.000000000000000000e+00
-1.638909685030747188e-01 9.864784591886049947e-01 0.000000000000000000e+00 -3.007195000000000007e-02 -9.864784591886049947e-01 -1.638909685030747188e-01 0.000000000000000000e+00 -8.994787499999998825e-01 0.000000000000000000e+00 0.000000000000000000e+00 1.000000000000000000e+00 0.000000000000000000e+00
-1.685058760397257493e-01 9.857006491527153802e-01 0.000000000000000000e+00 -4.018370000000000275e-02 -9.857006491527153802e-01 -1.685058760397257493e-01 0.000000000000000000e+00 -9.549224999999998964e-01 0.000000000000000000e+00 0.000000000000000000e+00 1.000000000000000000e+00 0.000000000000000000e+00
-1.731170929000136194e-01 9.849012499463324355e-01 0.000000000000000000e+00 -5.029545000000000543e-02 -9.849012499463324355e-01 -1.731170929000136194e-01 0.000000000000000000e+00 -1.010366249999999910e+00 0.000000000000000000e+00 0.000000000000000000e+00 1.000000000000000000e+00 0.000000000000000000e+00
-1.777245180874065245e-01 9.840802790781852938e-01 0.000000000000000000e+00 -6.040720000000000117e-02 -9.840802790781852938e-01 -1.777245180874065245e-01 0.000000000000000000e+00 -1.065809999999999924e+00 0.000000000000000000e+00 0.000000000000000000e+00 1.000000000000000000e+00 0.000000000000000000e+00
-1.686660501697040404e-01 9.856732539336505727e-01 0.000000000000000000e+00 -6.893982499999999625e-02 -9.856732539336505727e-01 -1.686660501697040404e-01 0.000000000000000000e+00 -1.120897499999999880e+00 0.000000000000000000e+00 0.000000000000000000e+00 1.000000000000000000e+00 0.000000000000000000e+00
-1.595933142156822915e-01 9.871828473275122695e-01 0.000000000000000000e+00 -7.747244999999999826e-02 -9.871828473275122695e-01 -1.595933142156822915e-01 0.000000000000000000e+00 -1.175984999999999836e+00 0.000000000000000000e+00 0.000000000000000000e+00 1.000000000000000000e+00 0.000000000000000000e+00
-1.505070777190128106e-01 9.886089315581176873e-01 0.000000000000000000e+00 -8.600507500000000027e-02 -9.886089315581176873e-01 -1.505070777190128106e-01 0.000000000000000000e+00 -1.231072499999999792e+00 0.000000000000000000e+00 0.000000000000000000e+00 1.000000000000000000e+00 0.000000000000000000e+00
-1.414081093154238300e-01 9.899513859881389211e-01 0.000000000000000000e+00 -9.453770000000000229e-02 -9.899513859881389211e-01 -1.414081093154238300e-01 0.000000000000000000e+00 -1.286159999999999970e+00 0.000000000000000000e+00 0.000000000000000000e+00 1.000000000000000000e+00 0.000000000000000000e+00
-1.224878005871025549e-01 9.924700190470915340e-01 0.000000000000000000e+00 -9.823877500000000040e-02 -9.924700190470915340e-01 -1.224878005871025549e-01 0.000000000000000000e+00 -1.339294999999999902e+00 0.000000000000000000e+00 0.000000000000000000e+00 1.000000000000000000e+00 0.000000000000000000e+00
-1.035228669079206187e-01 9.946270738458534710e-01 0.000000000000000000e+00 -1.019398499999999985e-01 -9.946270738458534710e-01 -1.035228669079206187e-01 0.000000000000000000e+00 -1.392430000000000057e+00 0.000000000000000000e+00 0.000000000000000000e+00 1.000000000000000000e+00 0.000000000000000000e+00
-8.452021761276225231e-02 9.964217645227804176e-01 0.000000000000000000e+00 -1.056409249999999966e-01 -9.964217645227804176e-01 -8.452021761276225231e-02 0.000000000000000000e+00 -1.445564999999999989e+00 0.000000000000000000e+00 0.000000000000000000e+00 1.000000000000000000e+00 0.000000000000000000e+00
-6.548677577712523623e-02 9.978534372333025537e-01 0.000000000000000000e+00 -1.093419999999999948e-01 -9.978534372333025537e-01 -6.548677577712523623e-02 0.000000000000000000e+00 -1.498699999999999921e+00 0.000000000000000000e+00 0.000000000000000000e+00 1.000000000000000000e+00 0.000000000000000000e+00
-6.521485828744331970e-02 9.978712453310540909e-01 0.000000000000000000e+00 -1.135567499999999980e-01 -9.978712453310540909e-01 -6.521485828744331970e-02 0.000000000000000000e+00 -1.552924999999999889e+00 0.000000000000000000e+00 0.000000000000000000e+00 1.000000000000000000e+00 0.000000000000000000e+00
-6.494293595515038264e-02 9.978889793306293665e-01 0.000000000000000000e+00 -1.177715000000000012e-01 -9.978889793306293665e-01 -6.494293595515038264e-02 0.000000000000000000e+00 -1.607149999999999856e+00 0.000000000000000000e+00 0.000000000000000000e+00 1.000000000000000000e+00 0.000000000000000000e+00
-6.467100880043859246e-02 9.979066392307115452e-01 0.000000000000000000e+00 -1.219862500000000044e-01 -9.979066392307115452e-01 -6.467100880043859246e-02 0.000000000000000000e+00 -1.661375000000000046e+00 0.000000000000000000e+00 0.000000000000000000e+00 1.000000000000000000e+00 0.000000000000000000e+00
-6.439907684350044959e-02 9.979242250299894534e-01 0.000000000000000000e+00 -1.262010000000000076e-01 -9.979242250299894534e-01 -6.439907684350044959e-02 0.000000000000000000e+00 -1.715600000000000014e+00 0.000000000000000000e+00 0.000000000000000000e+00 1.000000000000000000e+00 0.000000000000000000e+00
-7.814641559635129853e-02 9.969418928550661807e-01 0.000000000000000000e+00 -1.314675000000000149e-01 -9.969418928550661807e-01 -7.814641559635129853e-02 0.000000000000000000e+00 -1.772502499999999870e+00 0.000000000000000000e+00 0.000000000000000000e+00 1.000000000000000000e+00 0.000000000000000000e+00
-9.187891010158572014e-02 9.957701872814553878e-01 0.000000000000000000e+00 -1.367340000000000222e-01 -9.957701872814553878e-01 -9.187891010158572014e-02 0.000000000000000000e+00 -1.829404999999999948e+00 0.000000000000000000e+00 0.000000000000000000e+00 1.000000000000000000e+00 0.000000000000000000e+00
-1.055939518128325011e-01 9.944093308796680963e-01 0.000000000000000000e+00 -1.420005000000000295e-01 -9.944093308796680963e-01 -1.055939518128325011e-01 0.000000000000000000e+00 -1.886307500000000026e+00 0.000000000000000000e+00 0.000000000000000000e+00 1.000000000000000000e+00 0.000000000000000000e+00
-1.192889354989534467e-01 9.928595821502286256e-01 0.000000000000000000e+00 -1.472670000000000090e-01 -9.928595821502286256e-01 -1.192889354989534467e-01 0.000000000000000000e+00 -1.943210000000000104e+00 0.000000000000000000e+00 0.000000000000000000e+00 1.000000000000000000e+00 0.000000000000000000e+00
-1.243062952187184850e-01 9.922438938935309594e-01 0.000000000000000000e+00 -1.547287500000000260e-01 -9.922438938935309594e-01 -1.243062952187184850e-01 0.000000000000000000e+00 -1.997850000000000126e+00 0.000000000000000000e+00 0.000000000000000000e+00 1.000000000000000000e+00 0.000000000000000000e+00
-1.293204785433780257e-01 9.916028508577976464e-01 0.000000000000000000e+00 -1.621905000000000152e-01 -9.916028508577976464e-01 -1.293204785433780257e-01 0.000000000000000000e+00 -2.052490000000000148e+00 0.000000000000000000e+00 0.000000000000000000e+00 1.000000000000000000e+00 0.000000000000000000e+00
-1.343313573456530741e-01 9.909364694235823778e-01 0.000000000000000000e+00 -1.696522500000000044e-01 -9.909364694235823778e-01 -1.343313573456530741e-01 0.000000000000000000e+00 -2.107130000000000170e+00 0.000000000000000000e+00 0.000000000000000000e+00 1.000000000000000000e+00 0.000000000000000000e+00
-1.393388035827049509e-01 9.902447666189104769e-01 0.000000000000000000e+00 -1.771139999999999937e-01 -9.902447666189104769e-01 -1.393388035827049509e-01 0.000000000000000000e+00 -2.161770000000000191e+00 0.000000000000000000e+00 0.000000000000000000e+00 1.000000000000000000e+00 0.000000000000000000e+00
-1.349630520055707106e-01 9.908506318276946168e-01 0.000000000000000000e+00 -1.841514999999999957e-01 -9.908506318276946168e-01 -1.349630520055707106e-01 0.000000000000000000e+00 -2.216310000000000002e+00 0.000000000000000000e+00 0.000000000000000000e+00 1.000000000000000000e+00 0.000000000000000000e+00
-1.305846667223898860e-01 9.914371613052449517e-01 0.000000000000000000e+00 -1.911889999999999978e-01 -9.914371613052449517e-01 -1.305846667223898860e-01 0.000000000000000000e+00 -2.270850000000000257e+00 0.000000000000000000e+00 0.000000000000000000e+00 1.000000000000000000e+00 0.000000000000000000e+00
-1.262037331741752977e-01 9.920043436058642028e-01 0.000000000000000000e+00 -1.982264999999999999e-01 -9.920043436058642028e-01 -1.262037331741752977e-01 0.000000000000000000e+00 -2.325390000000000068e+00 0.000000000000000000e+00 0.000000000000000000e+00 1.000000000000000000e+00 0.000000000000000000e+00
-1.218203368516665719e-01 9.925521676614013078e-01 0.000000000000000000e+00 -2.052640000000000020e-01 -9.925521676614013078e-01 -1.218203368516665719e-01 0.000000000000000000e+00 -2.379929999999999879e+00 0.000000000000000000e+00 0.000000000000000000e+00 1.000000000000000000e+00 0.000000000000000000e+00
-1.097968611641153558e-01 9.939540478706789806e-01 0.000000000000000000e+00 -2.100442499999999879e-01 -9.939540478706789806e-01 -1.097968611641153558e-01 0.000000000000000000e+00 -2.433607499999999924e+00 0.000000000000000000e+00 0.000000000000000000e+00 1.000000000000000000e+00 0.000000000000000000e+00
-9.775729702641217100e-02 9.952102847529711305e-01 0.000000000000000000e+00 -2.148245000000000016e-01 -9.952102847529711305e-01 -9.775729702641217100e-02 0.000000000000000000e+00 -2.487284999999999968e+00 0.000000000000000000e+00 0.000000000000000000e+00 1.000000000000000000e+00 0.000000000000000000e+00
-8.570340858668865081e-02 9.963206942328474147e-01 0.000000000000000000e+00 -2.196047500000000152e-01 -9.963206942328474147e-01 -8.570340858668865081e-02 0.000000000000000000e+00 -2.540962500000000013e+00 0.000000000000000000e+00 0.000000000000000000e+00 1.000000000000000000e+00 0.000000000000000000e+00
-7.363696209200566722e-02 9.972851136028555441e-01 0.000000000000000000e+00 -2.243850000000000011e-01 -9.972851136028555441e-01 -7.363696209200566722e-02 0.000000000000000000e+00 -2.594640000000000057e+00 0.000000000000000000e+00 0.000000000000000000e+00 1.000000000000000000e+00 0.000000000000000000e+00
-7.272690889499629219e-02 9.973518921236269597e-01 0.000000000000000000e+00 -2.287937500000000179e-01 -9.973518921236269597e-01 -7.272690889499629219e-02 0.000000000000000000e+00 -2.650302500000000006e+00 0.000000000000000000e+00 0.000000000000000000e+00 1.000000000000000000e+00 0.000000000000000000e+00
-7.181679514147566723e-02 9.974178401931697024e-01 0.000000000000000000e+00 -2.332025000000000070e-01 -9.974178401931697024e-01 -7.181679514147566723e-02 0.000000000000000000e+00 -2.705964999999999954e+00 0.000000000000000000e+00 0.000000000000000000e+00 1.000000000000000000e+00 0.000000000000000000e+00
-7.090662158925586933e-02 9.974829577565714755e-01 0.000000000000000000e+00 -2.376112499999999961e-01 -9.974829577565714755e-01 -7.090662158925586933e-02 0.000000000000000000e+00 -2.761627499999999902e+00 0.000000000000000000e+00 0.000000000000000000e+00 1.000000000000000000e+00 0.000000000000000000e+00
-6.999638899619851917e-02 9.975472447596117620e-01 0.000000000000000000e+00 -2.420200000000000129e-01 -9.975472447596117620e-01 -6.999638899619851917e-02 0.000000000000000000e+00 -2.817289999999999850e+00 0.000000000000000000e+00 0.000000000000000000e+00 1.000000000000000000e+00 0.000000000000000000e+00
-7.427271634560358993e-02 9.972379673912569187e-01 0.000000000000000000e+00 -2.468322500000000030e-01 -9.972379673912569187e-01 -7.427271634560358993e-02 0.000000000000000000e+00 -2.872102500000000003e+00 0.000000000000000000e+00 0.000000000000000000e+00 1.000000000000000000e+00 0.000000000000000000e+00
-7.854767836728686337e-02 9.969103581682303705e-01 0.000000000000000000e+00 -2.516444999999999932e-01 -9.969103581682303705e-01 -7.854767836728686337e-02 0.000000000000000000e+00 -2.926915000000000155e+00 0.000000000000000000e+00 0.000000000000000000e+00 1.000000000000000000e+00 0.000000000000000000e+00
-8.282119647621137559e-02 9.965644231128506503e-01 0.000000000000000000e+00 -2.564567500000000111e-01 -9.965644231128506503e-01 -8.282119647621137559e-02 0.000000000000000000e+00 -2.981727499999999864e+00 0.000000000000000000e+00 0.000000000000000000e+00 1.000000000000000000e+00 0.000000000000000000e+00
-8.709319211388312498e-02 9.962001685843132615e-01 0.000000000000000000e+00 -2.612689999999999735e-01 -9.962001685843132615e-01 -8.709319211388312498e-02 0.000000000000000000e+00 -3.036540000000000017e+00 0.000000000000000000e+00 0.000000000000000000e+00 1.000000000000000000e+00 0.000000000000000000e+00
-8.673704499567332082e-02 9.962312407395276237e-01 0.000000000000000000e+00 -2.661985000000000046e-01 -9.962312407395276237e-01 -8.673704499567332082e-02 0.000000000000000000e+00 -3.093232500000000051e+00 0.000000000000000000e+00 0.000000000000000000e+00 1.000000000000000000e+00 0.000000000000000000e+00
-8.638088679192718056e-02 9.962621855701642160e-01 0.000000000000000000e+00 -2.711279999999999801e-01 -9.962621855701642160e-01 -8.638088679192718056e-02 0.000000000000000000e+00 -3.149925000000000086e+00 0.000000000000000000e+00 0.000000000000000000e+00 1.000000000000000000e+00 0.000000000000000000e+00
-8.602471754816418126e-02 9.962930030722682018e-01 0.000000000000000000e+00 -2.760574999999999557e-01 -9.962930030722682018e-01 -8.602471754816418126e-02 0.000000000000000000e+00 -3.206617500000000121e+00 0.000000000000000000e+00 0.000000000000000000e+00 1.000000000000000000e+00 0.000000000000000000e+00
-8.566853730990450777e-02 9.963236932419009539e-01 0.000000000000000000e+00 -2.809869999999999868e-01 -9.963236932419009539e-01 -8.566853730990450777e-02 0.000000000000000000e+00 -3.263310000000000155e+00 0.000000000000000000e+00 0.000000000000000000e+00 1.000000000000000000e+00 0.000000000000000000e+00
-8.596992130291029877e-02 9.962977329248378089e-01 0.000000000000000000e+00 -2.852917500000000106e-01 -9.962977329248378089e-01 -8.596992130291029877e-02 0.000000000000000000e+00 -3.317637500000000017e+00 0.000000000000000000e+00 0.000000000000000000e+00 1.000000000000000000e+00 0.000000000000000000e+00
-8.627129742913126897e-02 9.962716814403058674e-01 0.000000000000000000e+00 -2.895965000000000344e-01 -9.962716814403058674e-01 -8.627129742913126897e-02 0.000000000000000000e+00 -3.371965000000000323e+00 0.000000000000000000e+00 0.000000000000000000e+00 1.000000000000000000e+00 0.000000000000000000e+00
-8.657266566098939520e-02 9.962455387906891113e-01 0.000000000000000000e+00 -2.939012500000000028e-01 -9.962455387906891113e-01 -8.657266566098939520e-02 0.000000000000000000e+00 -3.426292500000000185e+00 0.000000000000000000e+00 0.000000000000000000e+00 1.000000000000000000e+00 0.000000000000000000e+00
-8.687402597090737588e-02 9.962193049783798493e-01 0.000000000000000000e+00 -2.982060000000000266e-01 -9.962193049783798493e-01 -8.687402597090737588e-02 0.000000000000000000e+00 -3.480620000000000047e+00 0.000000000000000000e+00 0.000000000000000000e+00 1.000000000000000000e+00 0.000000000000000000e+00
-8.910284734264041495e-02 9.960224307692242540e-01 0.000000000000000000e+00 -3.028347500000000414e-01 -9.960224307692242540e-01 -8.910284734264041495e-02 0.000000000000000000e+00 -3.536150000000000126e+00 0.000000000000000000e+00 0.000000000000000000e+00 1.000000000000000000e+00 0.000000000000000000e+00
-9.133122262950794934e-02 9.958205700692265294e-01 0.000000000000000000e+00 -3.074635000000000007e-01 -9.958205700692265294e-01 -9.133122262950794934e-02 0.000000000000000000e+00 -3.591680000000000206e+00 0.000000000000000000e+00 0.000000000000000000e+00 1.000000000000000000e+00 0.000000000000000000e+00
-9.355914067536245937e-02 9.956137238889828378e-01 0.000000000000000000e+00 -3.120922499999999600e-01 -9.956137238889828378e-01 -9.355914067536245937e-02 0.000000000000000000e+00 -3.647210000000000285e+00 0.000000000000000000e+00 0.000000000000000000e+00 1.000000000000000000e+00 0.000000000000000000e+00
-9.578659032634553872e-02 9.954018932640488204e-01 0.000000000000000000e+00 -3.167209999999999748e-01 -9.954018932640488204e-01 -9.578659032634553872e-02 0.000000000000000000e+00 -3.702739999999999920e+00 0.000000000000000000e+00 0.000000000000000000e+00 1.000000000000000000e+00 0.000000000000000000e+00
-9.331272341567467543e-02 9.956368492822821326e-01 0.000000000000000000e+00 -3.214979999999999505e-01 -9.956368492822821326e-01 -9.331272341567467543e-02 0.000000000000000000e+00 -3.758887500000000159e+00 0.000000000000000000e+00 0.000000000000000000e+00 1.000000000000000000e+00 0.000000000000000000e+00
-9.083828027823766249e-02 9.958656570221168236e-01 0.000000000000000000e+00 -3.262749999999999817e-01 -9.958656570221168236e-01 -9.083828027823766249e-02 0.000000000000000000e+00 -3.815034999999999954e+00 0.000000000000000000e+00 0.000000000000000000e+00 1.000000000000000000e+00 0.000000000000000000e+00
-8.836327619426997959e-02 9.960883150706142386e-01 0.000000000000000000e+00 -3.310520000000000129e-01 -9.960883150706142386e-01 -8.836327619426997959e-02 0.000000000000000000e+00 -3.871182499999999749e+00 0.000000000000000000e+00 0.000000000000000000e+00 1.000000000000000000e+00 0.000000000000000000e+00
-8.588772644747086349e-02 9.963048220528115673e-01 0.000000000000000000e+00 -3.358289999999999886e-01 -9.963048220528115673e-01 -8.588772644747086349e-02 0.000000000000000000e+00 -3.927329999999999988e+00 0.000000000000000000e+00 0.000000000000000000e+00 1.000000000000000000e+00 0.000000000000000000e+00
-8.480917636634857648e-02 9.963972117604813494e-01 0.000000000000000000e+00 -3.401897499999999575e-01 -9.963972117604813494e-01 -8.480917636634857648e-02 0.000000000000000000e+00 -3.982359999999999900e+00 0.000000000000000000e+00 0.000000000000000000e+00 1.000000000000000000e+00 0.000000000000000000e+00
-8.373052690531282427e-02 9.964884338837850519e-01 0.000000000000000000e+00 -3.445504999999999818e-01 -9.964884338837850519e-01 -8.373052690531282427e-02 0.000000000000000000e+00 -4.037390000000000256e+00 0.000000000000000000e+00 0.000000000000000000e+00 1.000000000000000000e+00 0.000000000000000000e+00
-8.265177932833192576e-02 9.965784883158278484e-01 0.000000000000000000e+00 -3.489112500000000061e-01 -9.965784883158278484e-01 -8.265177932833192576e-02 0.000000000000000000e+00 -4.092420000000000613e+00 0.000000000000000000e+00 0.000000000000000000e+00 1.000000000000000000e+00 0.000000000000000000e+00
-8.157293489948910792e-02 9.966673749510834845e-01 0.000000000000000000e+00 -3.532719999999999749e-01 -9.966673749510834845e-01 -8.157293489948910792e-02 0.000000000000000000e+00 -4.147450000000000081e+00 0.000000000000000000e+00 0.000000000000000000e+00 1.000000000000000000e+00 0.000000000000000000e+00
-7.781243568350090789e-02 9.969680159628998561e-01 0.000000000000000000e+00 -3.579780000000000184e-01 -9.969680159628998561e-01 -7.781243568350090789e-02 0.000000000000000000e+00 -4.202887500000000109e+00 0.000000000000000000e+00 0.000000000000000000e+00 1.000000000000000000e+00 0.000000000000000000e+00
-7.405082906120820374e-02 9.972544683857514913e-01 0.000000000000000000e+00 -3.626840000000000064e-01 -9.972544683857514913e-01 -7.405082906120820374e-02 0.000000000000000000e+00 -4.258325000000000138e+00 0.000000000000000000e+00 0.000000000000000000e+00 1.000000000000000000e+00 0.000000000000000000e+00
-7.028816856681584235e-02 9.975267281429219812e-01 0.000000000000000000e+00 -3.673899999999999944e-01 -9.975267281429219812e-01 -7.028816856681584235e-02 0.000000000000000000e+00 -4.313762500000000166e+00 0.000000000000000000e+00 0.000000000000000000e+00 1.000000000000000000e+00 0.000000000000000000e+00
-6.652450774952776980e-02 9.977847913596814555e-01 0.000000000000000000e+00 -3.720959999999999823e-01 -9.977847913596814555e-01 -6.652450774952776980e-02 0.000000000000000000e+00 -4.369200000000000195e+00 0.000000000000000000e+00 0.000000000000000000e+00 1.000000000000000000e+00 0.000000000000000000e+00
-5.857512573077062329e-02 9.982830032839506984e-01 0.000000000000000000e+00 -3.733907499999999935e-01 -9.982830032839506984e-01 -5.857512573077062329e-02 0.000000000000000000e+00 -4.423054999999999737e+00 0.000000000000000000e+00 0.000000000000000000e+00 1.000000000000000000e+00 0.000000000000000000e+00
-5.062202765392859877e-02 9.987178832464175260e-01 0.000000000000000000e+00 -3.746855000000000047e-01 -9.987178832464175260e-01 -5.062202765392859877e-02 0.000000000000000000e+00 -4.476910000000000167e+00 0.000000000000000000e+00 0.000000000000000000e+00 1.000000000000000000e+00 0.000000000000000000e+00
-4.266571807061876609e-02 9.990894036579101023e-01 0.000000000000000000e+00 -3.759802500000000158e-01 -9.990894036579101023e-01 -4.266571807061876609e-02 0.000000000000000000e+00 -4.530765000000000597e+00 0.000000000000000000e+00 0.000000000000000000e+00 1.000000000000000000e+00 0.000000000000000000e+00
-3.470670173619903875e-02 9.993975409488431438e-01 0.000000000000000000e+00 -3.772750000000000270e-01 -9.993975409488431438e-01 -3.470670173619903875e-02 0.000000000000000000e+00 -4.584620000000000140e+00 0.000000000000000000e+00 0.000000000000000000e+00 1.000000000000000000e+00 0.000000000000000000e+00
-3.512894408700613369e-02 9.993827881684435033e-01 0.000000000000000000e+00 -3.792900000000000160e-01 -9.993827881684435033e-01 -3.512894408700613369e-02 0.000000000000000000e+00 -4.641592499999999788e+00 0.000000000000000000e+00 0.000000000000000000e+00 1.000000000000000000e+00 0.000000000000000000e+00
-3.555118016707724954e-02 9.993678569919727250e-01 0.000000000000000000e+00 -3.813050000000000050e-01 -9.993678569919727250e-01 -3.555118016707724954e-02 0.000000000000000000e+00 -4.698565000000000325e+00 0.000000000000000000e+00 0.000000000000000000e+00 1.000000000000000000e+00 0.000000000000000000e+00
-3.597340990104060110e-02 9.993527474220960105e-01 0.000000000000000000e+00 -3.833199999999999941e-01 -9.993527474220960105e-01 -3.597340990104060110e-02 0.000000000000000000e+00 -4.755537499999999973e+00 0.000000000000000000e+00 0.000000000000000000e+00 1.000000000000000000e+00 0.000000000000000000e+00
-3.639563321352554809e-02 9.993374594615106465e-01 0.000000000000000000e+00 -3.853349999999999831e-01 -9.993374594615106465e-01 -3.639563321352554809e-02 0.000000000000000000e+00 -4.812509999999999621e+00 0.000000000000000000e+00 0.000000000000000000e+00 1.000000000000000000e+00 0.000000000000000000e+00
-4.052757068276978403e-02 9.991784205108480421e-01 0.000000000000000000e+00 -3.886270000000000002e-01 -9.991784205108480421e-01 -4.052757068276978403e-02 0.000000000000000000e+00 -4.868207499999999577e+00 0.000000000000000000e+00 0.000000000000000000e+00 1.000000000000000000e+00 0.000000000000000000e+00
-4.465881520347914080e-02 9.990022974070787987e-01 0.000000000000000000e+00 -3.919190000000000174e-01 -9.990022974070787987e-01 -4.465881520347914080e-02 0.000000000000000000e+00 -4.923904999999999532e+00 0.000000000000000000e+00 0.000000000000000000e+00 1.000000000000000000e+00 0.000000000000000000e+00
-4.878929613880590710e-02 9.988090931615910550e-01 0.000000000000000000e+00 -3.952109999999999790e-01 -9.988090931615910550e-01 -4.878929613880590710e-02 0.000000000000000000e+00 -4.979602500000000376e+00 0.000000000000000000e+00 0.000000000000000000e+00 1.000000000000000000e+00 0.000000000000000000e+00
-5.291894286495833072e-02 9.985988110778298843e-01 0.000000000000000000e+00 -3.985029999999999961e-01 -9.985988110778298843e-01 -5.291894286495833072e-02 0.000000000000000000e+00 -5.035300000000000331e+00 0.000000000000000000e+00 0.000000000000000000e+00 1.000000000000000000e+00 0.000000000000000000e+00
-4.848965121983379173e-02 9.988236850038042514e-01 0.000000000000000000e+00 -4.002369999999999539e-01 -9.988236850038042514e-01 -4.848965121983379173e-02 0.000000000000000000e+00 -5.090862500000000068e+00 0.000000000000000000e+00 0.000000000000000000e+00 1.000000000000000000e+00 0.000000000000000000e+00
-4.405940582241254372e-02 9.990289128741850488e-01 0.000000000000000000e+00 -4.019709999999999672e-01 -9.990289128741850488e-01 -4.405940582241254372e-02 0.000000000000000000e+00 -5.146425000000000693e+00 0.000000000000000000e+00 0.000000000000000000e+00 1.000000000000000000e+00 0.000000000000000000e+00
-3.962829381204527324e-02 9.992144906523054981e-01 0.000000000000000000e+00 -4.037049999999999805e-01 -9.992144906523054981e-01 -3.962829381204527324e-02 0.000000000000000000e+00 -5.201987500000000431e+00 0.000000000000000000e+00 0.000000000000000000e+00 1.000000000000000000e+00 0.000000000000000000e+00
-3.519640234512826094e-02 9.993804146880005401e-01 0.000000000000000000e+00 -4.054389999999999938e-01 -9.993804146880005401e-01 -3.519640234512826094e-02 0.000000000000000000e+00 -5.257550000000000168e+00 0.000000000000000000e+00 0.000000000000000000e+00 1.000000000000000000e+00 0.000000000000000000e+00
-3.700772054214959694e-02 9.993149796837201837e-01 0.000000000000000000e+00 -4.076237500000000069e-01 -9.993149796837201837e-01 -3.700772054214959694e-02 0.000000000000000000e+00 -5.311192500000000649e+00 0.000000000000000000e+00 0.000000000000000000e+00 1.000000000000000000e+00 0.000000000000000000e+00
-3.881891716305978235e-02 9.992462617744874986e-01 0.000000000000000000e+00 -4.098085000000000200e-01 -9.992462617744874986e-01 -3.881891716305978235e-02 0.000000000000000000e+00 -5.364835000000000242e+00 0.000000000000000000e+00 0.000000000000000000e+00 1.000000000000000000e+00 0.000000000000000000e+00
-4.062998625779653400e-02 9.991742611860512380e-01 0.000000000000000000e+00 -4.119932499999999775e-01 -9.991742611860512380e-01 -4.062998625779653400e-02 0.000000000000000000e+00 -5.418477499999999836e+00 0.000000000000000000e+00 0.000000000000000000e+00 1.000000000000000000e+00 0.000000000000000000e+00
-4.244092187671653915e-02 9.990989781549446391e-01 0.000000000000000000e+00 -4.141779999999999906e-01 -9.990989781549446391e-01 -4.244092187671653915e-02 0.000000000000000000e+00 -5.472120000000000317e+00 0.000000000000000000e+00 0.000000000000000000e+00 1.000000000000000000e+00 0.000000000000000000e+00
-4.287053050042070185e-02 9.990806361924008394e-01 0.000000000000000000e+00 -4.156299999999999994e-01 -9.990806361924008394e-01 -4.287053050042070185e-02 0.000000000000000000e+00 -5.527330000000000076e+00 0.000000000000000000e+00 0.000000000000000000e+00 1.000000000000000000e+00 0.000000000000000000e+00
-4.330013119736411675e-02 9.990621094998504148e-01 0.000000000000000000e+00 -4.170820000000000083e-01 -9.990621094998504148e-01 -4.330013119736411675e-02 0.000000000000000000e+00 -5.582539999999999836e+00 0.000000000000000000e+00 0.000000000000000000e+00 1.000000000000000000e+00 0.000000000000000000e+00
-4.372972388811317834e-02 9.990433980807187364e-01 0.000000000000000000e+00 -4.185340000000000171e-01 -9.990433980807187364e-01 -4.372972388811317834e-02 0.000000000000000000e+00 -5.637750000000000483e+00 0.000000000000000000e+00 0.000000000000000000e+00 1.000000000000000000e+00 0.000000000000000000e+00
-4.415930849323641827e-02 9.990245019384655922e-01 0.000000000000000000e+00 -4.199860000000000260e-01 -9.990245019384655922e-01 -4.415930849323641827e-02 0.000000000000000000e+00 -5.692960000000000242e+00 0.000000000000000000e+00 0.000000000000000000e+00 1.000000000000000000e+00 0.000000000000000000e+00
-4.376469038025442015e-02 9.990418669284688580e-01 0.000000000000000000e+00 -4.226787499999999920e-01 -9.990418669284688580e-01 -4.376469038025442015e-02 0.000000000000000000e+00 -5.748750000000000249e+00 0.000000000000000000e+00 0.000000000000000000e+00 1.000000000000000000e+00 0.000000000000000000e+00
-4.337006543888669019e-02 9.990590760429668427e-01 0.000000000000000000e+00 -4.253715000000000135e-01 -9.990590760429668427e-01 -4.337006543888669019e-02 0.000000000000000000e+00 -5.804540000000000255e+00 0.000000000000000000e+00 0.000000000000000000e+00 1.000000000000000000e+00 0.000000000000000000e+00
-4.297543373070436545e-02 9.990761292792745829e-01 0.000000000000000000e+00 -4.280642500000000350e-01 -9.990761292792745829e-01 -4.297543373070436545e-02 0.000000000000000000e+00 -5.860330000000000261e+00 0.000000000000000000e+00 0.000000000000000000e+00 1.000000000000000000e+00 0.000000000000000000e+00
-4.258079531728030387e-02 9.990930266347313182e-01 0.000000000000000000e+00 -4.307570000000000010e-01 -9.990930266347313182e-01 -4.258079531728030387e-02 0.000000000000000000e+00 -5.916120000000000267e+00 0.000000000000000000e+00 0.000000000000000000e+00 1.000000000000000000e+00 0.000000000000000000e+00
-4.322020609012888759e-02 9.990655703133437537e-01 0.000000000000000000e+00 -4.332605000000000484e-01 -9.990655703133437537e-01 -4.322020609012888759e-02 0.000000000000000000e+00 -5.972799999999999443e+00 0.000000000000000000e+00 0.000000000000000000e+00 1.000000000000000000e+00 0.000000000000000000e+00
-4.385959915998165204e-02 9.990377047747125427e-01 0.000000000000000000e+00 -4.357640000000000402e-01 -9.990377047747125427e-01 -4.385959915998165204e-02 0.000000000000000000e+00 -6.029479999999999507e+00 0.000000000000000000e+00 0.000000000000000000e+00 1.000000000000000000e+00 0.000000000000000000e+00
-4.449897426494322378e-02 9.990094300302514441e-01 0.000000000000000000e+00 -4.382675000000000320e-01 -9.990094300302514441e-01 -4.449897426494322378e-02 0.000000000000000000e+00 -6.086159999999999570e+00 0.000000000000000000e+00 0.000000000000000000e+00 1.000000000000000000e+00 0.000000000000000000e+00
-4.513833114312554989e-02 9.989807460915418602e-01 0.000000000000000000e+00 -4.407710000000000239e-01 -9.989807460915418602e-01 -4.513833114312554989e-02 0.000000000000000000e+00 -6.142839999999999634e+00 0.000000000000000000e+00 0.000000000000000000e+00 1.000000000000000000e+00 0.000000000000000000e+00
-4.568027152905093646e-02 9.989561115449627771e-01 0.000000000000000000e+00 -4.436007499999999881e-01 -9.989561115449627771e-01 -4.568027152905093646e-02 0.000000000000000000e+00 -6.198380000000000223e+00 0.000000000000000000e+00 0.000000000000000000e+00 1.000000000000000000e+00 0.000000000000000000e+00
-4.622219847098701234e-02 9.989311829993638980e-01 0.000000000000000000e+00 -4.464305000000000079e-01 -9.989311829993638980e-01 -4.622219847098701234e-02 0.000000000000000000e+00 -6.253919999999999924e+00 0.000000000000000000e+00 0.000000000000000000e+00 1.000000000000000000e+00 0.000000000000000000e+00
-4.676411180944153173e-02 9.989059604620817989e-01 0.000000000000000000e+00 -4.492602500000000276e-01 -9.989059604620817989e-01 -4.676411180944153173e-02 0.000000000000000000e+00 -6.309459999999999624e+00 0.000000000000000000e+00 0.000000000000000000e+00 1.000000000000000000e+00 0.000000000000000000e+00
-4.730601138492621788e-02 9.988804439405394309e-01 0.000000000000000000e+00 -4.520899999999999919e-01 -9.988804439405394309e-01 -4.730601138492621788e-02 0.000000000000000000e+00 -6.365000000000000213e+00 0.000000000000000000e+00 0.000000000000000000e+00 1.000000000000000000e+00 0.000000000000000000e+00
-4.748830627714049207e-02 9.988717939590288086e-01 0.000000000000000000e+00 -4.548639999999999906e-01 -9.988717939590288086e-01 -4.748830627714049207e-02 0.000000000000000000e+00 -6.419610000000000483e+00 0.000000000000000000e+00 0.000000000000000000e+00 1.000000000000000000e+00 0.000000000000000000e+00
-4.767059958769737094e-02 9.988631107088445926e-01 0.000000000000000000e+00 -4.576379999999999892e-01 -9.988631107088445926e-01 -4.767059958769737094e-02 0.000000000000000000e+00 -6.474220000000000752e+00 0.000000000000000000e+00 0.000000000000000000e+00 1.000000000000000000e+00 0.000000000000000000e+00
-4.785289131052534312e-02 9.988543941902758849e-01 0.000000000000000000e+00 -4.604119999999999879e-01 -9.988543941902758849e-01 -4.785289131052534312e-02 0.000000000000000000e+00 -6.528830000000001021e+00 0.000000000000000000e+00 0.000000000000000000e+00 1.000000000000000000e+00 0.000000000000000000e+00
-4.803518143955295971e-02 9.988456444036131199e-01 0.000000000000000000e+00 -4.631859999999999866e-01 -9.988456444036131199e-01 -4.803518143955295971e-02 0.000000000000000000e+00 -6.583440000000000403e+00 0.000000000000000000e+00 0.000000000000000000e+00 1.000000000000000000e+00 0.000000000000000000e+00
-4.818750484117500371e-02 9.988383074237699999e-01 0.000000000000000000e+00 -4.662727500000000136e-01 -9.988383074237699999e-01 -4.818750484117500371e-02 0.000000000000000000e+00 -6.639137500000000358e+00 0.000000000000000000e+00 0.000000000000000000e+00 1.000000000000000000e+00 0.000000000000000000e+00
-4.833982712213639316e-02 9.988309472146935653e-01 0.000000000000000000e+00 -4.693594999999999851e-01 -9.988309472146935653e-01 -4.833982712213639316e-02 0.000000000000000000e+00 -6.694835000000000313e+00 0.000000000000000000e+00 0.000000000000000000e+00 1.000000000000000000e+00 0.000000000000000000e+00
-4.849214827889467699e-02 9.988235637765549013e-01 0.000000000000000000e+00 -4.724462499999999565e-01 -9.988235637765549013e-01 -4.849214827889467699e-02 0.000000000000000000e+00 -6.750532500000000269e+00 0.000000000000000000e+00 0.000000000000000000e+00 1.000000000000000000e+00 0.000000000000000000e+00
-4.864446830790743886e-02 9.988161571095258706e-01 0.000000000000000000e+00 -4.755329999999999835e-01 -9.988161571095258706e-01 -4.864446830790743886e-02 0.000000000000000000e+00 -6.806230000000000224e+00 0.000000000000000000e+00 0.000000000000000000e+00 1.000000000000000000e+00 0.000000000000000000e+00
-5.171059985909302881e-02 9.986621119589010886e-01 0.000000000000000000e+00 -4.790947500000000137e-01 -9.986621119589010886e-01 -5.171059985909302881e-02 0.000000000000000000e+00 -6.861157500000000908e+00 0.000000000000000000e+00 0.000000000000000000e+00 1.000000000000000000e+00 0.000000000000000000e+00
-5.477624404342901210e-02 9.984986545251298695e-01 0.000000000000000000e+00 -4.826564999999999883e-01 -9.984986545251298695e-01 -5.477624404342901210e-02 0.000000000000000000e+00 -6.916085000000000704e+00 0.000000000000000000e+00 0.000000000000000000e+00 1.000000000000000000e+00 0.000000000000000000e+00
-5.784137196754798871e-02 9.983257863487808859e-01 0.000000000000000000e+00 -4.862182499999999630e-01 -9.983257863487808859e-01 -5.784137196754798871e-02 0.000000000000000000e+00 -6.971012500000000500e+00 0.000000000000000000e+00 0.000000000000000000e+00 1.000000000000000000e+00 0.000000000000000000e+00
-6.090595474294824979e-02 9.981435090591181947e-01 0.000000000000000000e+00 -4.897799999999999931e-01 -9.981435090591181947e-01 -6.090595474294824979e-02 0.000000000000000000e+00 -7.025940000000000296e+00 0.000000000000000000e+00 0.000000000000000000e+00 1.000000000000000000e+00 0.000000000000000000e+00
-5.713254613987490960e-02 9.983666020914236938e-01 0.000000000000000000e+00 -4.923017499999999824e-01 -9.983666020914236938e-01 -5.713254613987490960e-02 0.000000000000000000e+00 -7.081012499999999932e+00 0.000000000000000000e+00 0.000000000000000000e+00 1.000000000000000000e+00 0.000000000000000000e+00
-5.335832120510154014e-02 9.985754300793572291e-01 0.000000000000000000e+00 -4.948234999999999717e-01 -9.985754300793572291e-01 -5.335832120510154014e-02 0.000000000000000000e+00 -7.136084999999999567e+00 0.000000000000000000e+00 0.000000000000000000e+00 1.000000000000000000e+00 0.000000000000000000e+00
