-2.926753226882927023e-02 9.995716140201726940e-01 0.000000000000000000e+00 1.882629509680953106e-01 -9.995716140201726940e-01 -2.926753226882927023e-02 0.000000000000000000e+00 1.071065516767402137e+00 0.000000000000000000e+00 0.000000000000000000e+00 1.000000000000000000e+00 0.000000000000000000e+00
-3.699876572592115942e-02 9.993153112680493999e-01 0.000000000000000000e+00 1.810999390641967466e-01 -9.993153112680493999e-01 -3.699876572592115942e-02 0.000000000000000000e+00 9.398887823402759523e-01 0.000000000000000000e+00 0.000000000000000000e+00 1.000000000000000000e+00 0.000000000000000000e+00
-4.472778526337997662e-02 9.989992118242301267e-01 0.000000000000000000e+00 1.739369271602981826e-01 -9.989992118242301267e-01 -4.472778526337997662e-02 0.000000000000000000e+00 8.087120479131497675e-01 0.000000000000000000e+00 0.000000000000000000e+00 1.000000000000000000e+00 0.000000000000000000e+00
-9.695665766630241766e-02 9.952886046439893830e-01 0.000000000000000000e+00 1.444964124924617010e-01 -9.952886046439893830e-01 -9.695665766630241766e-02 0.000000000000000000e+00 5.605034492701070903e-01 0.000000000000000000e+00 0.000000000000000000e+00 1.000000000000000000e+00 0.000000000000000000e+00
-1.489197113969366326e-01 9.888492906188753873e-01 0.000000000000000000e+00 1.150558978246252195e-01 -9.888492906188753873e-01 -1.489197113969366326e-01 0.000000000000000000e+00 3.122948506270644131e-01 0.000000000000000000e+00 0.000000000000000000e+00 1.000000000000000000e+00 0.000000000000000000e+00
-1.583217292360603601e-01 9.873875784370105269e-01 0.000000000000000000e+00 6.841478050098714903e-02 -9.873875784370105269e-01 -1.583217292360603601e-01 0.000000000000000000e+00 6.107455353842983214e-02 0.000000000000000000e+00 0.000000000000000000e+00 1.000000000000000000e+00 0.000000000000000000e+00
-1.677094134899470013e-01 9.858364735730048567e-01 0.000000000000000000e+00 2.177366317734907852e-02 -9.858364735730048567e-01 -1.677094134899470013e-01 0.000000000000000000e+00 -1.901457435502047488e-01 0.000000000000000000e+00 0.000000000000000000e+00 1.000000000000000000e+00 0.000000000000000000e+00
-1.209081688559950629e-01 9.926636966787343308e-01 0.000000000000000000e+00 2.283693574462120068e-03 -9.926636966787343308e-01 -1.209081688559950629e-01 0.000000000000000000e+00 -4.264592769912218806e-01 0.000000000000000000e+00 0.000000000000000000e+00 1.000000000000000000e+00 0.000000000000000000e+00
-7.383645658089613151e-02 9.972703633817548985e-01 0.000000000000000000e+00 -1.720627602842483839e-02 -9.972703633817548985e-01 -7.383645658089613151e-02 0.000000000000000000e+00 -6.627728104322390124e-01 0.000000000000000000e+00 0.000000000000000000e+00 1.000000000000000000e+00 0.000000000000000000e+00
-1.055373091382251494e-01 9.944153439986044285e-01 0.000000000000000000e+00 -5.052508630392438249e-02 -9.944153439986044285e-01 -1.055373091382251494e-01 0.000000000000000000e+00 -9.113214376469658262e-01 0.000000000000000000e+00 0.000000000000000000e+00 1.000000000000000000e+00 0.000000000000000000e+00
-1.371312423554548188e-01 9.905528872150388686e-01 0.000000000000000000e+00 -8.384389657942392660e-02 -9.905528872150388686e-01 -1.371312423554548188e-01 0.000000000000000000e+00 -1.159870064861692640e+00 0.000000000000000000e+00 0.000000000000000000e+00 1.000000000000000000e+00 0.000000000000000000e+00
-1.136585666467252315e-01 9.935198690654414300e-01 0.000000000000000000e+00 -1.093654921133300206e-01 -9.935198690654414300e-01 -1.136585666467252315e-01 0.000000000000000000e+00 -1.402153245602027365e+00 0.000000000000000000e+00 0.000000000000000000e+00 1.000000000000000000e+00 0.000000000000000000e+00
-9.012226834053840840e-02 9.959307088091801097e-01 0.000000000000000000e+00 -1.348870876472361147e-01 -9.959307088091801097e-01 -9.012226834053840840e-02 0.000000000000000000e+00 -1.644436426342362090e+00 0.000000000000000000e+00 0.000000000000000000e+00 1.000000000000000000e+00 0.000000000000000000e+00
-9.057490952381859473e-02 9.958896453748036226e-01 0.000000000000000000e+00 -1.584407897948842958e-01 -9.958896453748036226e-01 -9.057490952381859473e-02 0.000000000000000000e+00 -1.907440390166844857e+00 0.000000000000000000e+00 0.000000000000000000e+00 1.000000000000000000e+00 0.000000000000000000e+00
-9.102753199701739406e-02 9.958483762192575917e-01 0.000000000000000000e+00 -1.819944919425324770e-01 -9.958483762192575917e-01 -9.102753199701739406e-02 0.000000000000000000e+00 -2.170444353991327624e+00 0.000000000000000000e+00 0.000000000000000000e+00 1.000000000000000000e+00 0.000000000000000000e+00
-9.102753199701739406e-02 9.958483762192575917e-01 0.000000000000000000e+00 -2.039396840759515328e-01 -9.958483762192575917e-01 -9.102753199701739406e-02 0.000000000000000000e+00 -2.414670524687114295e+00 0.000000000000000000e+00 0.000000000000000000e+00 1.000000000000000000e+00 0.000000000000000000e+00
-9.102753199701739406e-02 9.958483762192575917e-01 0.000000000000000000e+00 -2.258848762093705886e-01 -9.958483762192575917e-01 -9.102753199701739406e-02 0.000000000000000000e+00 -2.658896695382900965e+00 0.000000000000000000e+00 0.000000000000000000e+00 1.000000000000000000e+00 0.000000000000000000e+00
-7.561098134995250519e-02 9.971373924887668716e-01 0.000000000000000000e+00 -2.445638934663563191e-01 -9.971373924887668716e-01 -7.561098134995250519e-02 0.000000000000000000e+00 -2.905613158064888069e+00 0.000000000000000000e+00 0.000000000000000000e+00 1.000000000000000000e+00 0.000000000000000000e+00
-6.017633460598575956e-02 9.981877622739062650e-01 0.000000000000000000e+00 -2.632429107233420496e-01 -9.981877622739062650e-01 -6.017633460598575956e-02 0.000000000000000000e+00 -3.152329620746875172e+00 0.000000000000000000e+00 0.000000000000000000e+00 1.000000000000000000e+00 0.000000000000000000e+00
-3.699876572592115942e-02 9.993153112680493999e-01 0.000000000000000000e+00 -2.719648367192668559e-01 -9.993153112680493999e-01 -3.699876572592115942e-02 0.000000000000000000e+00 -3.396247642279054624e+00 0.000000000000000000e+00 0.000000000000000000e+00 1.000000000000000000e+00 0.000000000000000000e+00
-1.380127408103823394e-02 9.999047578813394788e-01 0.000000000000000000e+00 -2.806867627151916622e-01 -9.999047578813394788e-01 -1.380127408103823394e-02 0.000000000000000000e+00 -3.640165663811234076e+00 0.000000000000000000e+00 0.000000000000000000e+00 1.000000000000000000e+00 0.000000000000000000e+00
-2.153504739508727353e-02 9.997680939766437902e-01 0.000000000000000000e+00 -2.882215562539904852e-01 -9.997680939766437902e-01 -2.153504739508727353e-02 0.000000000000000000e+00 -3.889558721852806933e+00 0.000000000000000000e+00 0.000000000000000000e+00 1.000000000000000000e+00 0.000000000000000000e+00
-2.926753226882927023e-02 9.995716140201726940e-01 0.000000000000000000e+00 -2.957563497927893081e-01 -9.995716140201726940e-01 -2.926753226882927023e-02 0.000000000000000000e+00 -4.138951779894379790e+00 0.000000000000000000e+00 0.000000000000000000e+00 1.000000000000000000e+00 0.000000000000000000e+00
-2.153504739508727353e-02 9.997680939766437902e-01 0.000000000000000000e+00 -3.003517710087386661e-01 -9.997680939766437902e-01 -2.153504739508727353e-02 0.000000000000000000e+00 -4.391605963945124813e+00 0.000000000000000000e+00 0.000000000000000000e+00 1.000000000000000000e+00 0.000000000000000000e+00
-1.380127408103823394e-02 9.999047578813394788e-01 0.000000000000000000e+00 -3.049471922246880240e-01 -9.999047578813394788e-01 -1.380127408103823394e-02 0.000000000000000000e+00 -4.644260147995869836e+00 0.000000000000000000e+00 0.000000000000000000e+00 1.000000000000000000e+00 0.000000000000000000e+00
-1.380127408103823394e-02 9.999047578813394788e-01 0.000000000000000000e+00 -3.096109439342775715e-01 -9.999047578813394788e-01 -1.380127408103823394e-02 0.000000000000000000e+00 -4.895603217656624651e+00 0.000000000000000000e+00 0.000000000000000000e+00 1.000000000000000000e+00 0.000000000000000000e+00
-1.380127408103823394e-02 9.999047578813394788e-01 0.000000000000000000e+00 -3.142746956438671191e-01 -9.999047578813394788e-01 -1.380127408103823394e-02 0.000000000000000000e+00 -5.146946287317379465e+00 0.000000000000000000e+00 0.000000000000000000e+00 1.000000000000000000e+00 0.000000000000000000e+00
-1.380127408103823394e-02 9.999047578813394788e-01 0.000000000000000000e+00 -3.190419097255130509e-01 -9.999047578813394788e-01 -1.380127408103823394e-02 0.000000000000000000e+00 -5.389736557580420140e+00 0.000000000000000000e+00 0.000000000000000000e+00 1.000000000000000000e+00 0.000000000000000000e+00
-1.380127408103823394e-02 9.999047578813394788e-01 0.000000000000000000e+00 -3.238091238071589828e-01 -9.999047578813394788e-01 -1.380127408103823394e-02 0.000000000000000000e+00 -5.632526827843460815e+00 0.000000000000000000e+00 0.000000000000000000e+00 1.000000000000000000e+00 0.000000000000000000e+00
-1.380127408103823394e-02 9.999047578813394788e-01 0.000000000000000000e+00 -3.299759371205830405e-01 -9.999047578813394788e-01 -1.380127408103823394e-02 0.000000000000000000e+00 -5.883489625147776181e+00 0.000000000000000000e+00 0.000000000000000000e+00 1.000000000000000000e+00 0.000000000000000000e+00
-1.380127408103823394e-02 9.999047578813394788e-01 0.000000000000000000e+00 -3.361427504340070982e-01 -9.999047578813394788e-01 -1.380127408103823394e-02 0.000000000000000000e+00 -6.134452422452091547e+00 0.000000000000000000e+00 0.000000000000000000e+00 1.000000000000000000e+00 0.000000000000000000e+00
1.713844863462643184e-02 9.998531260032136325e-01 0.000000000000000000e+00 -3.307509929663581261e-01 -9.998531260032136325e-01 1.713844863462643184e-02 0.000000000000000000e+00 -6.378273664131135057e+00 0.000000000000000000e+00 0.000000000000000000e+00 1.000000000000000000e+00 0.000000000000000000e+00
4.806176524286143864e-02 9.988443656154546435e-01 0.000000000000000000e+00 -3.253592354987091539e-01 -9.988443656154546435e-01 4.806176524286143864e-02 0.000000000000000000e+00 -6.622094905810178567e+00 0.000000000000000000e+00 0.000000000000000000e+00 1.000000000000000000e+00 0.000000000000000000e+00
4.033384375752151890e-02 9.991862594370199968e-01 0.000000000000000000e+00 -3.173742960186203277e-01 -9.991862594370199968e-01 4.033384375752151890e-02 0.000000000000000000e+00 -6.869995442655097762e+00 0.000000000000000000e+00 0.000000000000000000e+00 1.000000000000000000e+00 0.000000000000000000e+00
3.260350878927696650e-02 9.994683642890491715e-01 0.000000000000000000e+00 -3.093893565385315014e-01 -9.994683642890491715e-01 3.260350878927696650e-02 0.000000000000000000e+00 -7.117895979500016956e+00 0.000000000000000000e+00 0.000000000000000000e+00 1.000000000000000000e+00 0.000000000000000000e+00
3.260350878927696650e-02 9.994683642890491715e-01 0.000000000000000000e+00 -3.021922383408295332e-01 -9.994683642890491715e-01 3.260350878927696650e-02 0.000000000000000000e+00 -7.363407644094895232e+00 0.000000000000000000e+00 0.000000000000000000e+00 1.000000000000000000e+00 0.000000000000000000e+00
3.260350878927696650e-02 9.994683642890491715e-01 0.000000000000000000e+00 -2.949951201431275649e-01 -9.994683642890491715e-01 3.260350878927696650e-02 0.000000000000000000e+00 -7.608919308689773509e+00 0.000000000000000000e+00 0.000000000000000000e+00 1.000000000000000000e+00 0.000000000000000000e+00
3.260350878927696650e-02 9.994683642890491715e-01 0.000000000000000000e+00 -2.877201190628504435e-01 -9.994683642890491715e-01 3.260350878927696650e-02 0.000000000000000000e+00 -7.856472204961018946e+00 0.000000000000000000e+00 0.000000000000000000e+00 1.000000000000000000e+00 0.000000000000000000e+00
3.260350878927696650e-02 9.994683642890491715e-01 0.000000000000000000e+00 -2.804451179825733220e-01 -9.994683642890491715e-01 3.260350878927696650e-02 0.000000000000000000e+00 -8.104025101232263495e+00 0.000000000000000000e+00 0.000000000000000000e+00 1.000000000000000000e+00 0.000000000000000000e+00
-2.592709347157000528e-03 9.999966389234721253e-01 0.000000000000000000e+00 -2.807115513669380391e-01 -9.999966389234721253e-01 -2.592709347157000528e-03 0.000000000000000000e+00 -8.347234537768970952e+00 0.000000000000000000e+00 0.000000000000000000e+00 1.000000000000000000e+00 0.000000000000000000e+00
-3.778571497969759885e-02 9.992858648772497965e-01 0.000000000000000000e+00 -2.809779847513027562e-01 -9.992858648772497965e-01 -3.778571497969759885e-02 0.000000000000000000e+00 -8.590443974305678410e+00 0.000000000000000000e+00 0.000000000000000000e+00 1.000000000000000000e+00 0.000000000000000000e+00
-5.578262395307912458e-01 8.299577618716125205e-01 0.000000000000000000e+00 -3.348429026972716827e-01 -8.299577618716125205e-01 -5.578262395307912458e-01 0.000000000000000000e+00 -8.599094928424991124e+00 0.000000000000000000e+00 0.000000000000000000e+00 1.000000000000000000e+00 0.000000000000000000e+00
-9.110130405648506624e-01 4.123775453644218936e-01 0.000000000000000000e+00 -3.887078206432406091e-01 -4.123775453644218936e-01 -9.110130405648506624e-01 0.000000000000000000e+00 -8.607745882544303839e+00 0.000000000000000000e+00 0.000000000000000000e+00 1.000000000000000000e+00 0.000000000000000000e+00
9.995966422414662711e-01 2.839987358398039785e-02 0.000000000000000000e+00 -3.929498577716117325e-01 -2.839987358398039785e-02 9.995966422414662711e-01 0.000000000000000000e+00 -8.559249936657028712e+00 0.000000000000000000e+00 0.000000000000000000e+00 1.000000000000000000e+00 0.000000000000000000e+00
-8.861299878020161280e-01 -4.634367753189195249e-01 0.000000000000000000e+00 -3.971918948999828558e-01 4.634367753189195249e-01 -8.861299878020161280e-01 0.000000000000000000e+00 -8.510753990769753585e+00 0.000000000000000000e+00 0.000000000000000000e+00 1.000000000000000000e+00 0.000000000000000000e+00
-5.616660689905561554e-01 -8.273640232356588298e-01 0.000000000000000000e+00 -3.577948935402694985e-01 8.273640232356588298e-01 -5.616660689905561554e-01 0.000000000000000000e+00 -8.476519017915039811e+00 0.000000000000000000e+00 0.000000000000000000e+00 1.000000000000000000e+00 0.000000000000000000e+00
-1.036829616880344390e-01 -9.946103978219801300e-01 0.000000000000000000e+00 -3.183978921805561413e-01 9.946103978219801300e-01 -1.036829616880344390e-01 0.000000000000000000e+00 -8.442284045060326036e+00 0.000000000000000000e+00 0.000000000000000000e+00 1.000000000000000000e+00 0.000000000000000000e+00
1.425588292656861100e-02 -9.998983797376531646e-01 0.000000000000000000e+00 -3.019832131977295830e-01 9.998983797376531646e-01 1.425588292656861100e-02 0.000000000000000000e+00 -8.421948516885708003e+00 0.000000000000000000e+00 0.000000000000000000e+00 1.000000000000000000e+00 0.000000000000000000e+00
1.319960356907232124e-01 -9.912502441674015952e-01 0.000000000000000000e+00 -2.855685342149030248e-01 9.912502441674015952e-01 1.319960356907232124e-01 0.000000000000000000e+00 -8.401612988711089969e+00 0.000000000000000000e+00 0.000000000000000000e+00 1.000000000000000000e+00 0.000000000000000000e+00
1.592015802386669288e-01 -9.872460974091066266e-01 0.000000000000000000e+00 -2.649300321396736990e-01 9.872460974091066266e-01 1.592015802386669288e-01 0.000000000000000000e+00 -8.179700660346730601e+00 0.000000000000000000e+00 0.000000000000000000e+00 1.000000000000000000e+00 0.000000000000000000e+00
1.862867405562840528e-01 -9.824954199857196535e-01 0.000000000000000000e+00 -2.442915300644443732e-01 9.824954199857196535e-01 1.862867405562840528e-01 0.000000000000000000e+00 -7.957788331982372121e+00 0.000000000000000000e+00 0.000000000000000000e+00 1.000000000000000000e+00 0.000000000000000000e+00
2.143764233093259641e-01 -9.767511193385450818e-01 0.000000000000000000e+00 -1.696041078195307250e-01 9.767511193385450818e-01 2.143764233093259641e-01 0.000000000000000000e+00 -7.713628000988761002e+00 0.000000000000000000e+00 0.000000000000000000e+00 1.000000000000000000e+00 0.000000000000000000e+00
2.422898827969860447e-01 -9.702039026381118481e-01 0.000000000000000000e+00 -9.491668557461707678e-02 9.702039026381118481e-01 2.422898827969860447e-01 0.000000000000000000e+00 -7.469467669995149883e+00 0.000000000000000000e+00 0.000000000000000000e+00 1.000000000000000000e+00 0.000000000000000000e+00
7.065095703608101352e-02 -9.975010988815430357e-01 0.000000000000000000e+00 -1.176808076335689179e-01 9.975010988815430357e-01 7.065095703608101352e-02 0.000000000000000000e+00 -7.232351301525709708e+00 0.000000000000000000e+00 0.000000000000000000e+00 1.000000000000000000e+00 0.000000000000000000e+00
-1.031219849628354501e-01 -9.946687168184815686e-01 0.000000000000000000e+00 -1.404449296925207591e-01 9.946687168184815686e-01 -1.031219849628354501e-01 0.000000000000000000e+00 -6.995234933056269533e+00 0.000000000000000000e+00 0.000000000000000000e+00 1.000000000000000000e+00 0.000000000000000000e+00
2.162368034083595944e-02 -9.997661808885702772e-01 0.000000000000000000e+00 -1.197463045343951649e-01 9.997661808885702772e-01 2.162368034083595944e-02 0.000000000000000000e+00 -6.745080261367306207e+00 0.000000000000000000e+00 0.000000000000000000e+00 1.000000000000000000e+00 0.000000000000000000e+00
1.460322872807367778e-01 -9.892798244539087182e-01 0.000000000000000000e+00 -9.904767937626957064e-02 9.892798244539087182e-01 1.460322872807367778e-01 0.000000000000000000e+00 -6.494925589678342881e+00 0.000000000000000000e+00 0.000000000000000000e+00 1.000000000000000000e+00 0.000000000000000000e+00
1.430623105439681741e-01 -9.897136834973139230e-01 0.000000000000000000e+00 -5.581849276457262476e-02 9.897136834973139230e-01 1.430623105439681741e-01 0.000000000000000000e+00 -6.240672847731691064e+00 0.000000000000000000e+00 0.000000000000000000e+00 1.000000000000000000e+00 0.000000000000000000e+00
1.400910449594893747e-01 -9.901386262146115724e-01 0.000000000000000000e+00 -1.258930615287567889e-02 9.901386262146115724e-01 1.400910449594893747e-01 0.000000000000000000e+00 -5.986420105785039247e+00 0.000000000000000000e+00 0.000000000000000000e+00 1.000000000000000000e+00 0.000000000000000000e+00
3.988977952673107563e-02 -9.992040860051107920e-01 0.000000000000000000e+00 -1.037146942123712279e-02 9.992040860051107920e-01 3.988977952673107563e-02 0.000000000000000000e+00 -5.757290086183215472e+00 0.000000000000000000e+00 0.000000000000000000e+00 1.000000000000000000e+00 0.000000000000000000e+00
-6.071526924813605564e-02 -9.981551262605058428e-01 0.000000000000000000e+00 -8.153632689598566685e-03 9.981551262605058428e-01 -6.071526924813605564e-02 0.000000000000000000e+00 -5.528160066581391696e+00 0.000000000000000000e+00 0.000000000000000000e+00 1.000000000000000000e+00 0.000000000000000000e+00
-7.038189681859917390e-02 -9.975201193962034418e-01 0.000000000000000000e+00 -3.020672961064718720e-02 9.975201193962034418e-01 -7.038189681859917390e-02 0.000000000000000000e+00 -5.287511779971159065e+00 0.000000000000000000e+00 0.000000000000000000e+00 1.000000000000000000e+00 0.000000000000000000e+00
-8.004191926465996365e-02 -9.967914983387596850e-01 0.000000000000000000e+00 -5.225982653169580772e-02 9.967914983387596850e-01 -8.004191926465996365e-02 0.000000000000000000e+00 -5.046863493360926434e+00 0.000000000000000000e+00 0.000000000000000000e+00 1.000000000000000000e+00 0.000000000000000000e+00
-5.689139995818327800e-02 -9.983803727091182800e-01 0.000000000000000000e+00 -6.471166267278150031e-02 9.983803727091182800e-01 -5.689139995818327800e-02 0.000000000000000000e+00 -4.797844810183907960e+00 0.000000000000000000e+00 0.000000000000000000e+00 1.000000000000000000e+00 0.000000000000000000e+00
-3.371024627892895559e-02 -9.994316481359862836e-01 0.000000000000000000e+00 -7.716349881386719289e-02 9.994316481359862836e-01 -3.371024627892895559e-02 0.000000000000000000e+00 -4.548826127006889486e+00 0.000000000000000000e+00 0.000000000000000000e+00 1.000000000000000000e+00 0.000000000000000000e+00
2.042844470379044999e-02 -9.997913175493094995e-01 0.000000000000000000e+00 -6.492308693071535686e-02 9.997913175493094995e-01 2.042844470379044999e-02 0.000000000000000000e+00 -4.294618519012596281e+00 0.000000000000000000e+00 0.000000000000000000e+00 1.000000000000000000e+00 0.000000000000000000e+00
7.450725731610643998e-02 -9.972204714140356918e-01 0.000000000000000000e+00 -5.268267504756352082e-02 9.972204714140356918e-01 7.450725731610643998e-02 0.000000000000000000e+00 -4.040410911018303075e+00 0.000000000000000000e+00 0.000000000000000000e+00 1.000000000000000000e+00 0.000000000000000000e+00
1.053211740418913550e-01 -9.944382586658849776e-01 0.000000000000000000e+00 -1.752094474691645587e-02 9.944382586658849776e-01 1.053211740418913550e-01 0.000000000000000000e+00 -3.783956566946079292e+00 0.000000000000000000e+00 0.000000000000000000e+00 1.000000000000000000e+00 0.000000000000000000e+00
1.360342733195888387e-01 -9.907041316570812661e-01 0.000000000000000000e+00 1.764078555373060908e-02 9.907041316570812661e-01 1.360342733195888387e-01 0.000000000000000000e+00 -3.527502222873855509e+00 0.000000000000000000e+00 0.000000000000000000e+00 1.000000000000000000e+00 0.000000000000000000e+00
5.134777515556835509e-02 -9.986808328923576505e-01 0.000000000000000000e+00 2.571902687590466030e-02 9.986808328923576505e-01 5.134777515556835509e-02 0.000000000000000000e+00 -3.289739304857524971e+00 0.000000000000000000e+00 0.000000000000000000e+00 1.000000000000000000e+00 0.000000000000000000e+00
-3.371024627892895559e-02 -9.994316481359862836e-01 0.000000000000000000e+00 3.379726819807871152e-02 9.994316481359862836e-01 -3.371024627892895559e-02 0.000000000000000000e+00 -3.051976386841194433e+00 0.000000000000000000e+00 0.000000000000000000e+00 1.000000000000000000e+00 0.000000000000000000e+00
-6.409566594147871055e-02 -9.979437587396988718e-01 0.000000000000000000e+00 4.229509800520503404e-03 9.979437587396988718e-01 -6.409566594147871055e-02 0.000000000000000000e+00 -2.814671976296755140e+00 0.000000000000000000e+00 0.000000000000000000e+00 1.000000000000000000e+00 0.000000000000000000e+00
-9.442176586364416091e-02 -9.955322848261582980e-01 0.000000000000000000e+00 -2.533824859703770471e-02 9.955322848261582980e-01 -9.442176586364416091e-02 0.000000000000000000e+00 -2.577367565752315848e+00 0.000000000000000000e+00 0.000000000000000000e+00 1.000000000000000000e+00 0.000000000000000000e+00
-4.172451804873396342e-02 -9.991291531096472278e-01 0.000000000000000000e+00 -2.649718590265592866e-02 9.991291531096472278e-01 -4.172451804873396342e-02 0.000000000000000000e+00 -2.315142306944508288e+00 0.000000000000000000e+00 0.000000000000000000e+00 1.000000000000000000e+00 0.000000000000000000e+00
1.108913855910650254e-02 -9.999385136127205698e-01 0.000000000000000000e+00 -2.765612320827415260e-02 9.999385136127205698e-01 1.108913855910650254e-02 0.000000000000000000e+00 -2.052917048136700728e+00 0.000000000000000000e+00 0.000000000000000000e+00 1.000000000000000000e+00 0.000000000000000000e+00
4.156853870278926465e-03 -9.999913602456278472e-01 0.000000000000000000e+00 -2.650160708190085757e-02 9.999913602456278472e-01 4.156853870278926465e-03 0.000000000000000000e+00 -1.805581372750467040e+00 0.000000000000000000e+00 0.000000000000000000e+00 1.000000000000000000e+00 0.000000000000000000e+00
-2.775630594300954219e-03 -9.999961479299828149e-01 0.000000000000000000e+00 -2.534709095552756253e-02 9.999961479299828149e-01 -2.775630594300954219e-03 0.000000000000000000e+00 -1.558245697364233351e+00 0.000000000000000000e+00 0.000000000000000000e+00 1.000000000000000000e+00 0.000000000000000000e+00
-2.707182631684514756e-02 -9.996334909454918094e-01 0.000000000000000000e+00 -3.297999646419569331e-02 9.996334909454918094e-01 -2.707182631684514756e-02 0.000000000000000000e+00 -1.318047143597260717e+00 0.000000000000000000e+00 0.000000000000000000e+00 1.000000000000000000e+00 0.000000000000000000e+00
-5.135203784103963692e-02 -9.986806137147012929e-01 0.000000000000000000e+00 -4.061290197286382408e-02 9.986806137147012929e-01 -5.135203784103963692e-02 0.000000000000000000e+00 -1.077848589830288084e+00 0.000000000000000000e+00 0.000000000000000000e+00 1.000000000000000000e+00 0.000000000000000000e+00
-4.471022475477427760e-02 -9.989999978990878882e-01 0.000000000000000000e+00 -5.427804300711258634e-02 9.989999978990878882e-01 -4.471022475477427760e-02 0.000000000000000000e+00 -8.296098292367530824e-01 0.000000000000000000e+00 0.000000000000000000e+00 1.000000000000000000e+00 0.000000000000000000e+00
-3.806643477519048441e-02 -9.992752106119245914e-01 0.000000000000000000e+00 -6.794318404136134859e-02 9.992752106119245914e-01 -3.806643477519048441e-02 0.000000000000000000e+00 -5.813710686432180808e-01 0.000000000000000000e+00 0.000000000000000000e+00 1.000000000000000000e+00 0.000000000000000000e+00
-3.588842576598938461e-02 -9.993558029531018905e-01 0.000000000000000000e+00 -7.655287710067781859e-02 9.993558029531018905e-01 -3.588842576598938461e-02 0.000000000000000000e+00 -3.349223007934400975e-01 0.000000000000000000e+00 0.000000000000000000e+00 1.000000000000000000e+00 0.000000000000000000e+00
-3.371024627892895559e-02 -9.994316481359862836e-01 0.000000000000000000e+00 -8.516257015999428859e-02 9.994316481359862836e-01 -3.371024627892895559e-02 0.000000000000000000e+00 -8.847353294366211429e-02 0.000000000000000000e+00 0.000000000000000000e+00 1.000000000000000000e+00 0.000000000000000000e+00
-9.221842350654607667e-02 -9.957388022799791294e-01 0.000000000000000000e+00 -1.643799320531158514e-02 9.957388022799791294e-01 -9.221842350654607667e-02 0.000000000000000000e+00 1.570970654163628133e-01 0.000000000000000000e+00 0.000000000000000000e+00 1.000000000000000000e+00 0.000000000000000000e+00
-1.504096604066667286e-01 -9.886237575824036172e-01 0.000000000000000000e+00 5.228658374937111830e-02 9.886237575824036172e-01 -1.504096604066667286e-01 0.000000000000000000e+00 4.026676637763877409e-01 0.000000000000000000e+00 0.000000000000000000e+00 1.000000000000000000e+00 0.000000000000000000e+00
-5.869634763486851758e-01 -8.096134123349651990e-01 0.000000000000000000e+00 1.022612670364111409e-01 8.096134123349651990e-01 -5.869634763486851758e-01 0.000000000000000000e+00 4.548928039328306028e-01 0.000000000000000000e+00 0.000000000000000000e+00 1.000000000000000000e+00 0.000000000000000000e+00
-8.928451717712485580e-01 -4.503637410413605102e-01 0.000000000000000000e+00 1.522359503234511635e-01 4.503637410413605102e-01 -8.928451717712485580e-01 0.000000000000000000e+00 5.071179440892734647e-01 0.000000000000000000e+00 0.000000000000000000e+00 1.000000000000000000e+00 0.000000000000000000e+00
-9.406865174256745510e-01 -3.392769899854042870e-01 0.000000000000000000e+00 2.311258629078665194e-01 3.392769899854042870e-01 -9.406865174256745510e-01 0.000000000000000000e+00 5.104401341309268147e-01 0.000000000000000000e+00 0.000000000000000000e+00 1.000000000000000000e+00 0.000000000000000000e+00
-9.747665029977250484e-01 -2.232269352779502336e-01 0.000000000000000000e+00 3.100157754922818754e-01 2.232269352779502336e-01 -9.747665029977250484e-01 0.000000000000000000e+00 5.137623241725801648e-01 0.000000000000000000e+00 0.000000000000000000e+00 1.000000000000000000e+00 0.000000000000000000e+00
-9.774743887131140951e-01 -2.110540675038602154e-01 0.000000000000000000e+00 2.060325841282875103e-01 2.110540675038602154e-01 -9.774743887131140951e-01 0.000000000000000000e+00 5.646741181500862794e-01 0.000000000000000000e+00 0.000000000000000000e+00 1.000000000000000000e+00 0.000000000000000000e+00
-9.800302660619411022e-01 -1.988483784257769338e-01 0.000000000000000000e+00 1.020493927642931453e-01 1.988483784257769338e-01 -9.800302660619411022e-01 0.000000000000000000e+00 6.155859121275923940e-01 0.000000000000000000e+00 0.000000000000000000e+00 1.000000000000000000e+00 0.000000000000000000e+00
-9.915429315617778627e-01 -1.297791002814995542e-01 0.000000000000000000e+00 -2.145908656063610920e-02 1.297791002814995542e-01 -9.915429315617778627e-01 0.000000000000000000e+00 6.480815288065184809e-01 0.000000000000000000e+00 0.000000000000000000e+00 1.000000000000000000e+00 0.000000000000000000e+00
-9.981939563198333198e-01 -6.007350136756470921e-02 0.000000000000000000e+00 -1.449675658855653637e-01 6.007350136756470921e-02 -9.981939563198333198e-01 0.000000000000000000e+00 6.805771454854445679e-01 0.000000000000000000e+00 0.000000000000000000e+00 1.000000000000000000e+00 0.000000000000000000e+00
9.998875199975264527e-01 -1.499824500387029851e-02 0.000000000000000000e+00 -2.525308775454888632e-01 1.499824500387029851e-02 9.998875199975264527e-01 0.000000000000000000e+00 6.629435432158863328e-01 0.000000000000000000e+00 0.000000000000000000e+00 1.000000000000000000e+00 0.000000000000000000e+00
-9.959430826477403409e-01 8.998542174217055711e-02 0.000000000000000000e+00 -3.600941892054123628e-01 -8.998542174217055711e-02 -9.959430826477403409e-01 0.000000000000000000e+00 6.453099409463280978e-01 0.000000000000000000e+00 0.000000000000000000e+00 1.000000000000000000e+00 0.000000000000000000e+00
-9.962796888009907148e-01 8.617877744898143344e-02 0.000000000000000000e+00 -5.361729515607187579e-01 -8.617877744898143344e-02 -9.962796888009907148e-01 0.000000000000000000e+00 6.314667451204432069e-01 0.000000000000000000e+00 0.000000000000000000e+00 1.000000000000000000e+00 0.000000000000000000e+00
-9.966017454406099763e-01 8.237087461432920921e-02 0.000000000000000000e+00 -7.122517139160251531e-01 -8.237087461432920921e-02 -9.966017454406099763e-01 0.000000000000000000e+00 6.176235492945583161e-01 0.000000000000000000e+00 0.000000000000000000e+00 1.000000000000000000e+00 0.000000000000000000e+00
-8.357868712332092720e-01 5.490540099791666462e-01 0.000000000000000000e+00 -7.507127824488328827e-01 -5.490540099791666462e-01 -8.357868712332092720e-01 0.000000000000000000e+00 5.524895533971432293e-01 0.000000000000000000e+00 0.000000000000000000e+00 1.000000000000000000e+00 0.000000000000000000e+00
-4.713287041305411207e-01 8.819576252080508771e-01 0.000000000000000000e+00 -7.891738509816406122e-01 -8.819576252080508771e-01 -4.713287041305411207e-01 0.000000000000000000e+00 4.873555574997281425e-01 0.000000000000000000e+00 0.000000000000000000e+00 1.000000000000000000e+00 0.000000000000000000e+00
-3.837360649733920770e-01 9.234428149261526553e-01 0.000000000000000000e+00 -7.850381858174664274e-01 -9.234428149261526553e-01 -3.837360649733920770e-01 0.000000000000000000e+00 4.493554426064823026e-01 0.000000000000000000e+00 0.000000000000000000e+00 1.000000000000000000e+00 0.000000000000000000e+00
-2.925388043898685675e-01 9.562536525034276425e-01 0.000000000000000000e+00 -7.809025206532922425e-01 -9.562536525034276425e-01 -2.925388043898685675e-01 0.000000000000000000e+00 4.113553277132364627e-01 0.000000000000000000e+00 0.000000000000000000e+00 1.000000000000000000e+00 0.000000000000000000e+00
-2.213715706731033406e-01 9.751895342433302138e-01 0.000000000000000000e+00 -8.098436322169675350e-01 -9.751895342433302138e-01 -2.213715706731033406e-01 0.000000000000000000e+00 1.991113880813615289e-01 0.000000000000000000e+00 0.000000000000000000e+00 1.000000000000000000e+00 0.000000000000000000e+00
-1.490037630485654407e-01 9.888366288712038266e-01 0.000000000000000000e+00 -8.387847437806428275e-01 -9.888366288712038266e-01 -1.490037630485654407e-01 0.000000000000000000e+00 -1.313255155051340495e-02 0.000000000000000000e+00 0.000000000000000000e+00 1.000000000000000000e+00 0.000000000000000000e+00
7.488910940827535334e-02 9.971918678429118055e-01 0.000000000000000000e+00 -7.969663310731078809e-01 -9.971918678429118055e-01 7.488910940827535334e-02 0.000000000000000000e+00 -2.036637913292507207e-01 0.000000000000000000e+00 0.000000000000000000e+00 1.000000000000000000e+00 0.000000000000000000e+00
2.950227112053620537e-01 9.554902405953906719e-01 0.000000000000000000e+00 -7.551479183655729344e-01 -9.554902405953906719e-01 2.950227112053620537e-01 0.000000000000000000e+00 -3.941950311079880365e-01 0.000000000000000000e+00 0.000000000000000000e+00 1.000000000000000000e+00 0.000000000000000000e+00
1.759879454221958128e-01 9.843923217224290756e-01 0.000000000000000000e+00 -7.021050177695578043e-01 -9.843923217224290756e-01 1.759879454221958128e-01 0.000000000000000000e+00 -6.362374835752380164e-01 0.000000000000000000e+00 0.000000000000000000e+00 1.000000000000000000e+00 0.000000000000000000e+00
5.431254989971631697e-02 9.985239841503010805e-01 0.000000000000000000e+00 -6.490621171735426742e-01 -9.985239841503010805e-01 5.431254989971631697e-02 0.000000000000000000e+00 -8.782799360424879964e-01 0.000000000000000000e+00 0.000000000000000000e+00 1.000000000000000000e+00 0.000000000000000000e+00
1.064452413020732513e-01 9.943185659556716960e-01 0.000000000000000000e+00 -6.411568185493656813e-01 -9.943185659556716960e-01 1.064452413020732513e-01 0.000000000000000000e+00 -1.102655371770003612e+00 0.000000000000000000e+00 0.000000000000000000e+00 1.000000000000000000e+00 0.000000000000000000e+00
1.582867514216533544e-01 9.873931862861824449e-01 0.000000000000000000e+00 -6.332515199251886884e-01 -9.873931862861824449e-01 1.582867514216533544e-01 0.000000000000000000e+00 -1.327030807497519227e+00 0.000000000000000000e+00 0.000000000000000000e+00 1.000000000000000000e+00 0.000000000000000000e+00
2.479174741705341203e-02 9.996926373941187327e-01 0.000000000000000000e+00 -5.956115979721268161e-01 -9.996926373941187327e-01 2.479174741705341203e-02 0.000000000000000000e+00 -1.452797794582236346e+00 0.000000000000000000e+00 0.000000000000000000e+00 1.000000000000000000e+00 0.000000000000000000e+00
-1.091488186468116961e-01 9.940254198902588323e-01 0.000000000000000000e+00 -5.579716760190649438e-01 -9.940254198902588323e-01 -1.091488186468116961e-01 0.000000000000000000e+00 -1.578564781666953465e+00 0.000000000000000000e+00 0.000000000000000000e+00 1.000000000000000000e+00 0.000000000000000000e+00
-1.786052370576925175e-01 9.839208145453400833e-01 0.000000000000000000e+00 -5.587517287301437818e-01 -9.839208145453400833e-01 -1.786052370576925175e-01 0.000000000000000000e+00 -1.582406363244627912e+00 0.000000000000000000e+00 0.000000000000000000e+00 1.000000000000000000e+00 0.000000000000000000e+00
-2.471817930058459734e-01 9.689691229375758663e-01 0.000000000000000000e+00 -5.595317814412226198e-01 -9.689691229375758663e-01 -2.471817930058459734e-01 0.000000000000000000e+00 -1.586247944822302358e+00 0.000000000000000000e+00 0.000000000000000000e+00 1.000000000000000000e+00 0.000000000000000000e+00
-2.013478051239215028e-01 9.795198116280136036e-01 0.000000000000000000e+00 -5.590603219875411867e-01 -9.795198116280136036e-01 -2.013478051239215028e-01 0.000000000000000000e+00 -1.687817374583346464e+00 0.000000000000000000e+00 0.000000000000000000e+00 1.000000000000000000e+00 0.000000000000000000e+00
-1.550684215053252657e-01 9.879037324819897048e-01 0.000000000000000000e+00 -5.585888625338597535e-01 -9.879037324819897048e-01 -1.550684215053252657e-01 0.000000000000000000e+00 -1.789386804344390569e+00 0.000000000000000000e+00 0.000000000000000000e+00 1.000000000000000000e+00 0.000000000000000000e+00
-2.193134294986577582e-01 9.756544570910017367e-01 0.000000000000000000e+00 -6.255994460495770682e-01 -9.756544570910017367e-01 -2.193134294986577582e-01 0.000000000000000000e+00 -2.044117675502819864e+00 0.000000000000000000e+00 0.000000000000000000e+00 1.000000000000000000e+00 0.000000000000000000e+00
-2.826203317979019136e-01 9.592318531275135784e-01 0.000000000000000000e+00 -6.926100295652943828e-01 -9.592318531275135784e-01 -2.826203317979019136e-01 0.000000000000000000e+00 -2.298848546661249159e+00 0.000000000000000000e+00 0.000000000000000000e+00 1.000000000000000000e+00 0.000000000000000000e+00
-1.685719560929953564e-01 9.856893504644256288e-01 0.000000000000000000e+00 -7.177349477847485559e-01 -9.856893504644256288e-01 -1.685719560929953564e-01 0.000000000000000000e+00 -2.539773136823744171e+00 0.000000000000000000e+00 0.000000000000000000e+00 1.000000000000000000e+00 0.000000000000000000e+00
-5.221295933216463930e-02 9.986359731542708840e-01 0.000000000000000000e+00 -7.428598660042027291e-01 -9.986359731542708840e-01 -5.221295933216463930e-02 0.000000000000000000e+00 -2.780697726986239182e+00 0.000000000000000000e+00 0.000000000000000000e+00 1.000000000000000000e+00 0.000000000000000000e+00
-4.246543880054115538e-02 9.990979363943643943e-01 0.000000000000000000e+00 -7.351454366361558357e-01 -9.990979363943643943e-01 -4.246543880054115538e-02 0.000000000000000000e+00 -3.019479564881786260e+00 0.000000000000000000e+00 0.000000000000000000e+00 1.000000000000000000e+00 0.000000000000000000e+00
-3.271387438851824231e-02 9.994647579692303996e-01 0.000000000000000000e+00 -7.274310072681089423e-01 -9.994647579692303996e-01 -3.271387438851824231e-02 0.000000000000000000e+00 -3.258261402777333338e+00 0.000000000000000000e+00 0.000000000000000000e+00 1.000000000000000000e+00 0.000000000000000000e+00
-5.583815517139869428e-02 9.984398331532324811e-01 0.000000000000000000e+00 -7.388097928375572110e-01 -9.984398331532324811e-01 -5.583815517139869428e-02 0.000000000000000000e+00 -3.508273543622962620e+00 0.000000000000000000e+00 0.000000000000000000e+00 1.000000000000000000e+00 0.000000000000000000e+00
-7.893251882933403907e-02 9.968799614152432653e-01 0.000000000000000000e+00 -7.501885784070054797e-01 -9.968799614152432653e-01 -7.893251882933403907e-02 0.000000000000000000e+00 -3.758285684468591903e+00 0.000000000000000000e+00 0.000000000000000000e+00 1.000000000000000000e+00 0.000000000000000000e+00
-5.572183655217468473e-02 9.984463315227577462e-01 0.000000000000000000e+00 -7.530953743447774684e-01 -9.984463315227577462e-01 -5.572183655217468473e-02 0.000000000000000000e+00 -3.996146135228856977e+00 0.000000000000000000e+00 0.000000000000000000e+00 1.000000000000000000e+00 0.000000000000000000e+00
-3.248099821401659315e-02 9.994723531719229559e-01 0.000000000000000000e+00 -7.560021702825494572e-01 -9.994723531719229559e-01 -3.248099821401659315e-02 0.000000000000000000e+00 -4.234006585989122051e+00 0.000000000000000000e+00 0.000000000000000000e+00 1.000000000000000000e+00 0.000000000000000000e+00
-3.242252902581037322e-02 9.994742516000952870e-01 0.000000000000000000e+00 -7.601116668693634892e-01 -9.994742516000952870e-01 -3.242252902581037322e-02 0.000000000000000000e+00 -4.496690666462800579e+00 0.000000000000000000e+00 0.000000000000000000e+00 1.000000000000000000e+00 0.000000000000000000e+00
-3.236405972664616049e-02 9.994761466078168066e-01 0.000000000000000000e+00 -7.642211634561775213e-01 -9.994761466078168066e-01 -3.236405972664616049e-02 0.000000000000000000e+00 -4.759374746936479106e+00 0.000000000000000000e+00 0.000000000000000000e+00 1.000000000000000000e+00 0.000000000000000000e+00
-3.230609005573894382e-02 9.994780220421609629e-01 0.000000000000000000e+00 -7.664506554044550057e-01 -9.994780220421609629e-01 -3.230609005573894382e-02 0.000000000000000000e+00 -5.004466383668339624e+00 0.000000000000000000e+00 0.000000000000000000e+00 1.000000000000000000e+00 0.000000000000000000e+00
-3.224812027615404225e-02 9.994798941142611914e-01 0.000000000000000000e+00 -7.686801473527324902e-01 -9.994798941142611914e-01 -3.224812027615404225e-02 0.000000000000000000e+00 -5.249558020400200142e+00 0.000000000000000000e+00 0.000000000000000000e+00 1.000000000000000000e+00 0.000000000000000000e+00
-3.992010176543332040e-02 9.992028750334125409e-01 0.000000000000000000e+00 -7.719607183156540486e-01 -9.992028750334125409e-01 -3.992010176543332040e-02 0.000000000000000000e+00 -5.495109520323653740e+00 0.000000000000000000e+00 0.000000000000000000e+00 1.000000000000000000e+00 0.000000000000000000e+00
-4.758973052201638521e-02 9.988669668924095024e-01 0.000000000000000000e+00 -7.752412892785756071e-01 -9.988669668924095024e-01 -4.758973052201638521e-02 0.000000000000000000e+00 -5.740661020247107338e+00 0.000000000000000000e+00 0.000000000000000000e+00 1.000000000000000000e+00 0.000000000000000000e+00
