9.997447719417983381e-01 2.259183425580059065e-02 0.000000000000000000e+00 5.453615354802110460e-02 -2.259183425580059065e-02 9.997447719417983381e-01 0.000000000000000000e+00 8.550698354820962521e-02 0.000000000000000000e+00 0.000000000000000000e+00 1.000000000000000000e+00 0.000000000000000000e+00
9.995401185181482795e-01 3.032410712166144773e-02 0.000000000000000000e+00 4.826600000000169643e-02 -3.032410712166144773e-02 9.995401185181482795e-01 0.000000000000000000e+00 -4.573214999999830610e-02 0.000000000000000000e+00 0.000000000000000000e+00 1.000000000000000000e+00 0.000000000000000000e+00
9.992756626824776944e-01 3.805456569841609432e-02 0.000000000000000000e+00 4.199584645198228827e-02 -3.805456569841609432e-02 9.992756626824776944e-01 0.000000000000000000e+00 -1.769712835482062374e-01 0.000000000000000000e+00 0.000000000000000000e+00 1.000000000000000000e+00 0.000000000000000000e+00
9.961971124572368552e-01 8.712814202003446584e-02 0.000000000000000000e+00 1.499555359704274338e-02 -8.712814202003446584e-02 9.961971124572368552e-01 0.000000000000000000e+00 -4.276948149243957609e-01 0.000000000000000000e+00 0.000000000000000000e+00 1.000000000000000000e+00 0.000000000000000000e+00
9.907100630834910771e-01 1.359910692108312613e-01 0.000000000000000000e+00 -1.200473925789680152e-02 -1.359910692108312613e-01 9.907100630834910771e-01 0.000000000000000000e+00 -6.784183463005852843e-01 0.000000000000000000e+00 0.000000000000000000e+00 1.000000000000000000e+00 0.000000000000000000e+00
9.897410059711111430e-01 1.428731643776848248e-01 0.000000000000000000e+00 -5.456463126414590192e-02 -1.428731643776848248e-01 9.897410059711111430e-01 0.000000000000000000e+00 -9.325757347283398779e-01 0.000000000000000000e+00 0.000000000000000000e+00 1.000000000000000000e+00 0.000000000000000000e+00
9.887241420862229457e-01 1.497483584412945268e-01 0.000000000000000000e+00 -9.712452327039500233e-02 -1.497483584412945268e-01 9.887241420862229457e-01 0.000000000000000000e+00 -1.186733123156094472e+00 0.000000000000000000e+00 0.000000000000000000e+00 1.000000000000000000e+00 0.000000000000000000e+00
9.949140374965871336e-01 1.007276426421246512e-01 0.000000000000000000e+00 -1.115096793306804557e-01 -1.007276426421246512e-01 9.949140374965871336e-01 0.000000000000000000e+00 -1.425717369049250838e+00 0.000000000000000000e+00 0.000000000000000000e+00 1.000000000000000000e+00 0.000000000000000000e+00
9.986750041153712454e-01 5.146101587768479868e-02 0.000000000000000000e+00 -1.258948353909659090e-01 -5.146101587768479868e-02 9.986750041153712454e-01 0.000000000000000000e+00 -1.664701614942407204e+00 0.000000000000000000e+00 0.000000000000000000e+00 1.000000000000000000e+00 0.000000000000000000e+00
9.966616556053969900e-01 8.164278440810997239e-02 0.000000000000000000e+00 -1.528425065625711454e-01 -8.164278440810997239e-02 9.966616556053969900e-01 0.000000000000000000e+00 -1.916251119053284491e+00 0.000000000000000000e+00 0.000000000000000000e+00 1.000000000000000000e+00 0.000000000000000000e+00
9.937363689324066884e-01 1.117498503848471381e-01 0.000000000000000000e+00 -1.797901777341763818e-01 -1.117498503848471381e-01 9.937363689324066884e-01 0.000000000000000000e+00 -2.167800623164161777e+00 0.000000000000000000e+00 0.000000000000000000e+00 1.000000000000000000e+00 0.000000000000000000e+00
9.961988548208378091e-01 8.710821806036109227e-02 0.000000000000000000e+00 -1.983357952563515880e-01 -8.710821806036109227e-02 9.961988548208378091e-01 0.000000000000000000e+00 -2.412933898283474932e+00 0.000000000000000000e+00 0.000000000000000000e+00 1.000000000000000000e+00 0.000000000000000000e+00
9.980503979719568264e-01 6.241316454097340510e-02 0.000000000000000000e+00 -2.168814127785267942e-01 -6.241316454097340510e-02 9.980503979719568264e-01 0.000000000000000000e+00 -2.658067173402788086e+00 0.000000000000000000e+00 0.000000000000000000e+00 1.000000000000000000e+00 0.000000000000000000e+00
9.980606825580983221e-01 6.224848537645589347e-02 0.000000000000000000e+00 -2.323396315363481790e-01 -6.224848537645589347e-02 9.980606825580983221e-01 0.000000000000000000e+00 -2.923963889202052524e+00 0.000000000000000000e+00 0.000000000000000000e+00 1.000000000000000000e+00 0.000000000000000000e+00
9.980709399720378849e-01 6.208380451722337462e-02 0.000000000000000000e+00 -2.477978502941695638e-01 -6.208380451722337462e-02 9.980709399720378849e-01 0.000000000000000000e+00 -3.189860605001316962e+00 0.000000000000000000e+00 0.000000000000000000e+00 1.000000000000000000e+00 0.000000000000000000e+00
9.980808606054102361e-01 6.192411237283652892e-02 0.000000000000000000e+00 -2.618644470044309003e-01 -6.192411237283652892e-02 9.980808606054102361e-01 0.000000000000000000e+00 -3.436933177046435972e+00 0.000000000000000000e+00 0.000000000000000000e+00 1.000000000000000000e+00 0.000000000000000000e+00
9.980907556879126119e-01 6.176441864319241748e-02 0.000000000000000000e+00 -2.759310437146922368e-01 -6.176441864319241748e-02 9.980907556879126119e-01 0.000000000000000000e+00 -3.684005749091554982e+00 0.000000000000000000e+00 0.000000000000000000e+00 1.000000000000000000e+00 0.000000000000000000e+00
9.989140085297659732e-01 4.659188301619326955e-02 0.000000000000000000e+00 -2.865756662233849283e-01 -4.659188301619326955e-02 9.989140085297659732e-01 0.000000000000000000e+00 -3.933481463363802000e+00 0.000000000000000000e+00 0.000000000000000000e+00 1.000000000000000000e+00 0.000000000000000000e+00
9.995066285266264172e-01 3.140859008832352917e-02 0.000000000000000000e+00 -2.972202887320776199e-01 -3.140859008832352917e-02 9.995066285266264172e-01 0.000000000000000000e+00 -4.182957177636049018e+00 0.000000000000000000e+00 0.000000000000000000e+00 1.000000000000000000e+00 0.000000000000000000e+00
9.999606284813633561e-01 8.873640017311425210e-03 0.000000000000000000e+00 -2.981111034745680399e-01 -8.873640017311425210e-03 9.999606284813633561e-01 0.000000000000000000e+00 -4.429323513504191290e+00 0.000000000000000000e+00 0.000000000000000000e+00 1.000000000000000000e+00 0.000000000000000000e+00
9.999066183473545033e-01 -1.366581812984317759e-02 0.000000000000000000e+00 -2.990019182170584600e-01 1.366581812984317759e-02 9.999066183473545033e-01 0.000000000000000000e+00 -4.675689849372333562e+00 0.000000000000000000e+00 0.000000000000000000e+00 1.000000000000000000e+00 0.000000000000000000e+00
9.999869886854670931e-01 -5.101221399979634016e-03 0.000000000000000000e+00 -2.991827104864093201e-01 5.101221399979634016e-03 9.999869886854670931e-01 0.000000000000000000e+00 -4.926169683519027842e+00 0.000000000000000000e+00 0.000000000000000000e+00 1.000000000000000000e+00 0.000000000000000000e+00
9.999940012015372526e-01 3.463749549244654440e-03 0.000000000000000000e+00 -2.993635027557601802e-01 -3.463749549244654440e-03 9.999940012015372526e-01 0.000000000000000000e+00 -5.176649517665722122e+00 0.000000000000000000e+00 0.000000000000000000e+00 1.000000000000000000e+00 0.000000000000000000e+00
9.999949398490860508e-01 -3.181238158767681588e-03 0.000000000000000000e+00 -2.968997632236103357e-01 3.181238158767681588e-03 9.999949398490860508e-01 0.000000000000000000e+00 -5.430299359943454363e+00 0.000000000000000000e+00 0.000000000000000000e+00 1.000000000000000000e+00 0.000000000000000000e+00
9.999517228575494077e-01 -9.826085396465233934e-03 0.000000000000000000e+00 -2.944360236914604911e-01 9.826085396465233934e-03 9.999517228575494077e-01 0.000000000000000000e+00 -5.683949202221186603e+00 0.000000000000000000e+00 0.000000000000000000e+00 1.000000000000000000e+00 0.000000000000000000e+00
9.999641192311469196e-01 -8.471142206140994113e-03 0.000000000000000000e+00 -2.926677691862913377e-01 8.471142206140994113e-03 9.999641192311469196e-01 0.000000000000000000e+00 -5.936326723557784568e+00 0.000000000000000000e+00 0.000000000000000000e+00 1.000000000000000000e+00 0.000000000000000000e+00
9.999746796459032527e-01 -7.116183462590266323e-03 0.000000000000000000e+00 -2.908995146811221844e-01 7.116183462590266323e-03 9.999746796459032527e-01 0.000000000000000000e+00 -6.188704244894382533e+00 0.000000000000000000e+00 0.000000000000000000e+00 1.000000000000000000e+00 0.000000000000000000e+00
9.999859219228608431e-01 -5.306218624034911985e-03 0.000000000000000000e+00 -2.919422751761864276e-01 5.306218624034911985e-03 9.999859219228608431e-01 0.000000000000000000e+00 -6.430310127791611485e+00 0.000000000000000000e+00 0.000000000000000000e+00 1.000000000000000000e+00 0.000000000000000000e+00
9.999938881468340979e-01 -3.496236401781469862e-03 0.000000000000000000e+00 -2.929850356712506709e-01 3.496236401781469862e-03 9.999938881468340979e-01 0.000000000000000000e+00 -6.671916010688840437e+00 0.000000000000000000e+00 0.000000000000000000e+00 1.000000000000000000e+00 0.000000000000000000e+00
9.999971529222715372e-01 -2.386241260019415170e-03 0.000000000000000000e+00 -2.961672641267512063e-01 2.386241260019415170e-03 9.999971529222715372e-01 0.000000000000000000e+00 -6.921700229409833760e+00 0.000000000000000000e+00 0.000000000000000000e+00 1.000000000000000000e+00 0.000000000000000000e+00
9.999991856013434877e-01 -1.276243178169805988e-03 0.000000000000000000e+00 -2.993494925822517416e-01 1.276243178169805988e-03 9.999991856013434877e-01 0.000000000000000000e+00 -7.171484448130827083e+00 0.000000000000000000e+00 0.000000000000000000e+00 1.000000000000000000e+00 0.000000000000000000e+00
9.994958128717429391e-01 -3.175090631547226178e-02 0.000000000000000000e+00 -2.916564063829909514e-01 3.175090631547226178e-02 9.994958128717429391e-01 0.000000000000000000e+00 -7.413956346347364779e+00 0.000000000000000000e+00 0.000000000000000000e+00 1.000000000000000000e+00 0.000000000000000000e+00
9.980639500336123682e-01 -6.219607417918666253e-02 0.000000000000000000e+00 -2.839633201837301613e-01 6.219607417918666253e-02 9.980639500336123682e-01 0.000000000000000000e+00 -7.656428244563902474e+00 0.000000000000000000e+00 0.000000000000000000e+00 1.000000000000000000e+00 0.000000000000000000e+00
9.982046604894626585e-01 -5.989537358691875146e-02 0.000000000000000000e+00 -2.734797199829479553e-01 5.989537358691875146e-02 9.982046604894626585e-01 0.000000000000000000e+00 -7.891391612191346994e+00 0.000000000000000000e+00 0.000000000000000000e+00 1.000000000000000000e+00 0.000000000000000000e+00
9.983400674613447379e-01 -5.759435476917448837e-02 0.000000000000000000e+00 -2.629961197821657493e-01 5.759435476917448837e-02 9.983400674613447379e-01 0.000000000000000000e+00 -8.126354979818792401e+00 0.000000000000000000e+00 0.000000000000000000e+00 1.000000000000000000e+00 0.000000000000000000e+00
9.980009389548564203e-01 -6.319909687032648771e-02 0.000000000000000000e+00 -2.506832536196910155e-01 6.319909687032648771e-02 9.980009389548564203e-01 0.000000000000000000e+00 -8.358722911829353563e+00 0.000000000000000000e+00 0.000000000000000000e+00 1.000000000000000000e+00 0.000000000000000000e+00
9.976303453328845272e-01 -6.880184642136769058e-02 0.000000000000000000e+00 -2.383703874572162817e-01 6.880184642136769058e-02 9.976303453328845272e-01 0.000000000000000000e+00 -8.591090843839914726e+00 0.000000000000000000e+00 0.000000000000000000e+00 1.000000000000000000e+00 0.000000000000000000e+00
9.972208530507506996e-01 -7.450214923566346459e-02 0.000000000000000000e+00 -2.231269001355222770e-01 7.450214923566346459e-02 9.972208530507506996e-01 0.000000000000000000e+00 -8.825275767766013857e+00 0.000000000000000000e+00 0.000000000000000000e+00 1.000000000000000000e+00 0.000000000000000000e+00
9.967787904026097490e-01 -8.020001872512301511e-02 0.000000000000000000e+00 -2.078834128138282722e-01 8.020001872512301511e-02 9.967787904026097490e-01 0.000000000000000000e+00 -9.059460691692112988e+00 0.000000000000000000e+00 0.000000000000000000e+00 1.000000000000000000e+00 0.000000000000000000e+00
9.987149672650660337e-01 -5.067952407765998618e-02 0.000000000000000000e+00 -1.974623145438201277e-01 5.067952407765998618e-02 9.987149672650660337e-01 0.000000000000000000e+00 -9.291495135710338360e+00 0.000000000000000000e+00 0.000000000000000000e+00 1.000000000000000000e+00 0.000000000000000000e+00
9.997770604138733752e-01 -2.111467428577263813e-02 0.000000000000000000e+00 -1.870412162738119832e-01 2.111467428577263813e-02 9.997770604138733752e-01 0.000000000000000000e+00 -9.523529579728563732e+00 0.000000000000000000e+00 0.000000000000000000e+00 1.000000000000000000e+00 0.000000000000000000e+00
8.649571179620828554e-01 5.018457771932802736e-01 0.000000000000000000e+00 -2.412669336065782488e-01 -5.018457771932802736e-01 8.649571179620828554e-01 0.000000000000000000e+00 -9.523881829281135580e+00 0.000000000000000000e+00 0.000000000000000000e+00 1.000000000000000000e+00 0.000000000000000000e+00
4.778602788089679199e-01 8.784358564725232021e-01 0.000000000000000000e+00 -2.954926509393445144e-01 -8.784358564725232021e-01 4.778602788089679199e-01 0.000000000000000000e+00 -9.524234078833707429e+00 0.000000000000000000e+00 0.000000000000000000e+00 1.000000000000000000e+00 0.000000000000000000e+00
5.064558732962442383e-02 9.987166887981983043e-01 0.000000000000000000e+00 -3.041565532733798705e-01 -9.987166887981983043e-01 5.064558732962442383e-02 0.000000000000000000e+00 -9.466061346421122735e+00 0.000000000000000000e+00 0.000000000000000000e+00 1.000000000000000000e+00 0.000000000000000000e+00
-3.865452654208205718e-01 9.222704363584183218e-01 0.000000000000000000e+00 -3.128204556074152265e-01 -9.222704363584183218e-01 -3.865452654208205718e-01 0.000000000000000000e+00 -9.407888614008538042e+00 0.000000000000000000e+00 0.000000000000000000e+00 1.000000000000000000e+00 0.000000000000000000e+00
-7.735461148269552334e-01 6.337400162812215632e-01 0.000000000000000000e+00 -2.773443692159531793e-01 -6.337400162812215632e-01 -7.735461148269552334e-01 0.000000000000000000e+00 -9.360518029313544375e+00 0.000000000000000000e+00 0.000000000000000000e+00 1.000000000000000000e+00 0.000000000000000000e+00
-9.802956656900868593e-01 1.975358393538486634e-01 0.000000000000000000e+00 -2.418682828244911320e-01 -1.975358393538486634e-01 -9.802956656900868593e-01 0.000000000000000000e+00 -9.313147444618550708e+00 0.000000000000000000e+00 0.000000000000000000e+00 1.000000000000000000e+00 0.000000000000000000e+00
9.963595932495580287e-01 -8.524999084794876447e-02 0.000000000000000000e+00 -2.283253692835920390e-01 8.524999084794876447e-02 9.963595932495580287e-01 0.000000000000000000e+00 -9.281526968771029118e+00 0.000000000000000000e+00 0.000000000000000000e+00 1.000000000000000000e+00 0.000000000000000000e+00
-9.996041973270378689e-01 -2.813269781176791148e-02 0.000000000000000000e+00 -2.147824557426929459e-01 2.813269781176791148e-02 -9.996041973270378689e-01 0.000000000000000000e+00 -9.249906492923507528e+00 0.000000000000000000e+00 0.000000000000000000e+00 1.000000000000000000e+00 0.000000000000000000e+00
-9.978457857136189268e-01 -6.560326160771617898e-02 0.000000000000000000e+00 -2.146485824015620381e-01 6.560326160771617898e-02 -9.978457857136189268e-01 0.000000000000000000e+00 -9.022587191987733846e+00 0.000000000000000000e+00 0.000000000000000000e+00 1.000000000000000000e+00 0.000000000000000000e+00
-9.946832702082817335e-01 -1.029815127474752873e-01 0.000000000000000000e+00 -2.145147090604311302e-01 1.029815127474752873e-01 -9.946832702082817335e-01 0.000000000000000000e+00 -8.795267891051960163e+00 0.000000000000000000e+00 0.000000000000000000e+00 1.000000000000000000e+00 0.000000000000000000e+00
-9.901288112172578204e-01 -1.401603981069542981e-01 0.000000000000000000e+00 -1.580478596209609066e-01 1.401603981069542981e-01 -9.901288112172578204e-01 0.000000000000000000e+00 -8.541429148117826387e+00 0.000000000000000000e+00 0.000000000000000000e+00 1.000000000000000000e+00 0.000000000000000000e+00
-9.841851890153299198e-01 -1.771426366600072910e-01 0.000000000000000000e+00 -1.015810101814906830e-01 1.771426366600072910e-01 -9.841851890153299198e-01 0.000000000000000000e+00 -8.287590405183692610e+00 0.000000000000000000e+00 0.000000000000000000e+00 1.000000000000000000e+00 0.000000000000000000e+00
9.999404384177377203e-01 1.091419337112825919e-02 0.000000000000000000e+00 -1.376590582626242565e-01 -1.091419337112825919e-02 9.999404384177377203e-01 0.000000000000000000e+00 -8.048440244308448399e+00 0.000000000000000000e+00 0.000000000000000000e+00 1.000000000000000000e+00 0.000000000000000000e+00
-9.878172251624234290e-01 1.556185389740245839e-01 0.000000000000000000e+00 -1.737371063437578300e-01 -1.556185389740245839e-01 -9.878172251624234290e-01 0.000000000000000000e+00 -7.809290083433205076e+00 0.000000000000000000e+00 0.000000000000000000e+00 1.000000000000000000e+00 0.000000000000000000e+00
9.996669252150524043e-01 -2.580772425230016057e-02 0.000000000000000000e+00 -1.639592396582152389e-01 2.580772425230016057e-02 9.996669252150524043e-01 0.000000000000000000e+00 -7.554475948575896105e+00 0.000000000000000000e+00 0.000000000000000000e+00 1.000000000000000000e+00 0.000000000000000000e+00
-9.945310216188993913e-01 -1.044415962998860720e-01 0.000000000000000000e+00 -1.541813729726726478e-01 1.044415962998860720e-01 -9.945310216188993913e-01 0.000000000000000000e+00 -7.299661813718587133e+00 0.000000000000000000e+00 0.000000000000000000e+00 1.000000000000000000e+00 0.000000000000000000e+00
-9.943770004406826679e-01 -1.058979744593376848e-01 0.000000000000000000e+00 -1.193200415452722041e-01 1.058979744593376848e-01 -9.943770004406826679e-01 0.000000000000000000e+00 -7.039968662921133102e+00 0.000000000000000000e+00 0.000000000000000000e+00 1.000000000000000000e+00 0.000000000000000000e+00
-9.942208465625831382e-01 -1.073541254930637234e-01 0.000000000000000000e+00 -8.445871011787176030e-02 1.073541254930637234e-01 -9.942208465625831382e-01 0.000000000000000000e+00 -6.780275512123679071e+00 0.000000000000000000e+00 0.000000000000000000e+00 1.000000000000000000e+00 0.000000000000000000e+00
9.999478384740674297e-01 1.021373247350388334e-02 0.000000000000000000e+00 -8.757005633598069494e-02 -1.021373247350388334e-02 9.999478384740674297e-01 0.000000000000000000e+00 -6.547436378761798181e+00 0.000000000000000000e+00 0.000000000000000000e+00 1.000000000000000000e+00 0.000000000000000000e+00
-9.962062699135292299e-01 8.702337493439646354e-02 0.000000000000000000e+00 -9.068140255408962958e-02 -8.702337493439646354e-02 -9.962062699135292299e-01 0.000000000000000000e+00 -6.314597245399917291e+00 0.000000000000000000e+00 0.000000000000000000e+00 1.000000000000000000e+00 0.000000000000000000e+00
-9.955057171942137684e-01 9.470146267948569008e-02 0.000000000000000000e+00 -1.168353733741334111e-01 -9.470146267948569008e-02 -9.955057171942137684e-01 0.000000000000000000e+00 -6.070877052739678703e+00 0.000000000000000000e+00 0.000000000000000000e+00 1.000000000000000000e+00 0.000000000000000000e+00
-9.947459878266375899e-01 1.023739210092440705e-01 0.000000000000000000e+00 -1.429893441941771925e-01 -1.023739210092440705e-01 -9.947459878266375899e-01 0.000000000000000000e+00 -5.827156860079440115e+00 0.000000000000000000e+00 0.000000000000000000e+00 1.000000000000000000e+00 0.000000000000000000e+00
-9.969107574344285849e-01 7.854261080148711160e-02 0.000000000000000000e+00 -1.587640106005245855e-01 -7.854261080148711160e-02 -9.969107574344285849e-01 0.000000000000000000e+00 -5.574799970140272620e+00 0.000000000000000000e+00 0.000000000000000000e+00 1.000000000000000000e+00 0.000000000000000000e+00
-9.985046784231288441e-01 5.466632571450305567e-02 0.000000000000000000e+00 -1.745386770068719784e-01 -5.466632571450305567e-02 -9.985046784231288441e-01 0.000000000000000000e+00 -5.322443080201105126e+00 0.000000000000000000e+00 0.000000000000000000e+00 1.000000000000000000e+00 0.000000000000000000e+00
9.999995962680916506e-01 -8.985898139039025928e-04 0.000000000000000000e+00 -1.654182111111239806e-01 8.985898139039025928e-04 9.999995962680916506e-01 0.000000000000000000e+00 -5.064341419799928801e+00 0.000000000000000000e+00 0.000000000000000000e+00 1.000000000000000000e+00 0.000000000000000000e+00
-9.986013110778936275e-01 -5.287174589052182072e-02 0.000000000000000000e+00 -1.562977452153759828e-01 5.287174589052182072e-02 -9.986013110778936275e-01 0.000000000000000000e+00 -4.806239759398752476e+00 0.000000000000000000e+00 0.000000000000000000e+00 1.000000000000000000e+00 0.000000000000000000e+00
-9.965939072410037181e-01 -8.246565376027630012e-02 0.000000000000000000e+00 -1.245220707472078914e-01 8.246565376027630012e-02 -9.965939072410037181e-01 0.000000000000000000e+00 -4.545384188225559896e+00 0.000000000000000000e+00 0.000000000000000000e+00 1.000000000000000000e+00 0.000000000000000000e+00
-9.937096711303130547e-01 -1.119870059519635780e-01 0.000000000000000000e+00 -9.274639627903979999e-02 1.119870059519635780e-01 -9.937096711303130547e-01 0.000000000000000000e+00 -4.284528617052367316e+00 0.000000000000000000e+00 0.000000000000000000e+00 1.000000000000000000e+00 0.000000000000000000e+00
9.989174697083168519e-01 4.651761721685652301e-02 0.000000000000000000e+00 -8.545106074114627859e-02 -4.651761721685652301e-02 9.989174697083168519e-01 0.000000000000000000e+00 -4.046855647240085396e+00 0.000000000000000000e+00 0.000000000000000000e+00 1.000000000000000000e+00 0.000000000000000000e+00
-9.998165756039966157e-01 1.915241884195779953e-02 0.000000000000000000e+00 -7.815572520325275718e-02 -1.915241884195779953e-02 -9.998165756039966157e-01 0.000000000000000000e+00 -3.809182677427803476e+00 0.000000000000000000e+00 0.000000000000000000e+00 1.000000000000000000e+00 0.000000000000000000e+00
-9.993226403366725075e-01 3.680027867478070924e-02 0.000000000000000000e+00 -1.005251589370850240e-01 -3.680027867478070924e-02 -9.993226403366725075e-01 0.000000000000000000e+00 -3.571656213777059552e+00 0.000000000000000000e+00 0.000000000000000000e+00 1.000000000000000000e+00 0.000000000000000000e+00
-9.985172252674836546e-01 5.443666819456605133e-02 0.000000000000000000e+00 -1.228945926709172909e-01 -5.443666819456605133e-02 -9.985172252674836546e-01 0.000000000000000000e+00 -3.334129750126315628e+00 0.000000000000000000e+00 0.000000000000000000e+00 1.000000000000000000e+00 0.000000000000000000e+00
9.999680288833949771e-01 7.996324846931874425e-03 0.000000000000000000e+00 -1.101981180748659028e-01 -7.996324846931874425e-03 9.999680288833949771e-01 0.000000000000000000e+00 -3.072249907387643919e+00 0.000000000000000000e+00 0.000000000000000000e+00 1.000000000000000000e+00 0.000000000000000000e+00
-9.975189737348804098e-01 -7.039813235385593282e-02 0.000000000000000000e+00 -9.750164347881451476e-02 7.039813235385593282e-02 -9.975189737348804098e-01 0.000000000000000000e+00 -2.810370064648972210e+00 0.000000000000000000e+00 0.000000000000000000e+00 1.000000000000000000e+00 0.000000000000000000e+00
-9.980380422906269811e-01 -6.261043156449712377e-02 0.000000000000000000e+00 -8.468621471737591833e-02 6.261043156449712377e-02 -9.980380422906269811e-01 0.000000000000000000e+00 -2.560904361022882103e+00 0.000000000000000000e+00 0.000000000000000000e+00 1.000000000000000000e+00 0.000000000000000000e+00
-9.984963126486056106e-01 -5.481891669066484007e-02 0.000000000000000000e+00 -7.187078595593732189e-02 5.481891669066484007e-02 -9.984963126486056106e-01 0.000000000000000000e+00 -2.311438657396791996e+00 0.000000000000000000e+00 0.000000000000000000e+00 1.000000000000000000e+00 0.000000000000000000e+00
-9.995145225478542228e-01 -3.115636718128446739e-02 0.000000000000000000e+00 -6.867824180171666626e-02 3.115636718128446739e-02 -9.995145225478542228e-01 0.000000000000000000e+00 -2.068657644626387349e+00 0.000000000000000000e+00 0.000000000000000000e+00 1.000000000000000000e+00 0.000000000000000000e+00
-9.999720517764535410e-01 -7.476340414243377169e-03 0.000000000000000000e+00 -6.548569764749601063e-02 7.476340414243377169e-03 -9.999720517764535410e-01 0.000000000000000000e+00 -1.825876631855982701e+00 0.000000000000000000e+00 0.000000000000000000e+00 1.000000000000000000e+00 0.000000000000000000e+00
-9.998677048688990876e-01 -1.626569273655549541e-02 0.000000000000000000e+00 -6.759209734372007006e-02 1.626569273655549541e-02 -9.998677048688990876e-01 0.000000000000000000e+00 -1.574652651948969417e+00 0.000000000000000000e+00 0.000000000000000000e+00 1.000000000000000000e+00 0.000000000000000000e+00
-9.996861045804202872e-01 -2.505378831284925736e-02 0.000000000000000000e+00 -6.969849703994412948e-02 2.505378831284925736e-02 -9.996861045804202872e-01 0.000000000000000000e+00 -1.323428672041956133e+00 0.000000000000000000e+00 0.000000000000000000e+00 1.000000000000000000e+00 0.000000000000000000e+00
-9.995196497425243853e-01 -3.099144686169593571e-02 0.000000000000000000e+00 -6.584533164976846820e-02 3.099144686169593571e-02 -9.995196497425243853e-01 0.000000000000000000e+00 -1.074246403177422149e+00 0.000000000000000000e+00 0.000000000000000000e+00 1.000000000000000000e+00 0.000000000000000000e+00
-9.993179283568093263e-01 -3.692801192394375154e-02 0.000000000000000000e+00 -6.199216625959280691e-02 3.692801192394375154e-02 -9.993179283568093263e-01 0.000000000000000000e+00 -8.250641343128881644e-01 0.000000000000000000e+00 0.000000000000000000e+00 1.000000000000000000e+00 0.000000000000000000e+00
-9.994363652988734747e-01 -3.357010155147927694e-02 0.000000000000000000e+00 -6.254403539411867996e-03 3.357010155147927694e-02 -9.994363652988734747e-01 0.000000000000000000e+00 -5.592587321726223415e-01 0.000000000000000000e+00 0.000000000000000000e+00 1.000000000000000000e+00 0.000000000000000000e+00
-9.995435190147633486e-01 -3.021181218635333315e-02 0.000000000000000000e+00 4.948335918076907092e-02 3.021181218635333315e-02 -9.995435190147633486e-01 0.000000000000000000e+00 -2.934533300323565186e-01 0.000000000000000000e+00 0.000000000000000000e+00 1.000000000000000000e+00 0.000000000000000000e+00
8.976543364709180794e-01 -4.407002294246687990e-01 0.000000000000000000e+00 1.109497529769782886e-01 4.407002294246687990e-01 8.976543364709180794e-01 0.000000000000000000e+00 -2.555804514291994955e-01 0.000000000000000000e+00 0.000000000000000000e+00 1.000000000000000000e+00 0.000000000000000000e+00
-5.873840744099610989e-01 8.093083152479982889e-01 0.000000000000000000e+00 1.724161467731875064e-01 -8.093083152479982889e-01 -5.873840744099610989e-01 0.000000000000000000e+00 -2.177075728260424725e-01 0.000000000000000000e+00 0.000000000000000000e+00 1.000000000000000000e+00 0.000000000000000000e+00
-4.754124016780186812e-01 8.797630637454258995e-01 0.000000000000000000e+00 2.538376383748968124e-01 -8.797630637454258995e-01 -4.754124016780186812e-01 0.000000000000000000e+00 -2.316644064695583261e-01 0.000000000000000000e+00 0.000000000000000000e+00 1.000000000000000000e+00 0.000000000000000000e+00
-3.551202859238334342e-01 9.348206151585312096e-01 0.000000000000000000e+00 3.352591299766061184e-01 -9.348206151585312096e-01 -3.551202859238334342e-01 0.000000000000000000e+00 -2.456212401130741796e-01 0.000000000000000000e+00 0.000000000000000000e+00 1.000000000000000000e+00 0.000000000000000000e+00
-3.335179547896682251e-01 9.427437477029040336e-01 0.000000000000000000e+00 2.422315813393218775e-01 -9.427437477029040336e-01 -3.335179547896682251e-01 0.000000000000000000e+00 -1.854137638784889575e-01 0.000000000000000000e+00 0.000000000000000000e+00 1.000000000000000000e+00 0.000000000000000000e+00
-3.117390469968724931e-01 9.501677570710772569e-01 0.000000000000000000e+00 1.492040327020376367e-01 -9.501677570710772569e-01 -3.117390469968724931e-01 0.000000000000000000e+00 -1.252062876439037353e-01 0.000000000000000000e+00 0.000000000000000000e+00 1.000000000000000000e+00 0.000000000000000000e+00
-2.354074094426200081e-01 9.718967803113223169e-01 0.000000000000000000e+00 3.311192407819518735e-02 -9.718967803113223169e-01 -2.354074094426200081e-01 0.000000000000000000e+00 -8.284891148260120630e-02 0.000000000000000000e+00 0.000000000000000000e+00 1.000000000000000000e+00 0.000000000000000000e+00
-1.575930184554694691e-01 9.875041470971623880e-01 0.000000000000000000e+00 -8.298018454564726198e-02 -9.875041470971623880e-01 -1.575930184554694691e-01 0.000000000000000000e+00 -4.049153532129867727e-02 0.000000000000000000e+00 0.000000000000000000e+00 1.000000000000000000e+00 0.000000000000000000e+00
-7.504711263346873495e-02 9.971799892122682474e-01 0.000000000000000000e+00 -1.890359191776411762e-01 -9.971799892122682474e-01 -7.504711263346873495e-02 0.000000000000000000e+00 -5.162487047603470103e-02 0.000000000000000000e+00 0.000000000000000000e+00 1.000000000000000000e+00 0.000000000000000000e+00
8.017177253266467157e-03 9.999678619180166761e-01 0.000000000000000000e+00 -2.950916538096350905e-01 -9.999678619180166761e-01 8.017177253266467157e-03 0.000000000000000000e+00 -6.275820563077072478e-02 0.000000000000000000e+00 0.000000000000000000e+00 1.000000000000000000e+00 0.000000000000000000e+00
1.135201930647832674e-02 9.999355637528176688e-01 0.000000000000000000e+00 -4.702823993884628351e-01 -9.999355637528176688e-01 1.135201930647832674e-02 0.000000000000000000e+00 -6.427318534492654223e-02 0.000000000000000000e+00 0.000000000000000000e+00 1.000000000000000000e+00 0.000000000000000000e+00
1.468673510009450324e-02 9.998921440896011426e-01 0.000000000000000000e+00 -6.454731449672905796e-01 -9.998921440896011426e-01 1.468673510009450324e-02 0.000000000000000000e+00 -6.578816505908235968e-02 0.000000000000000000e+00 0.000000000000000000e+00 1.000000000000000000e+00 0.000000000000000000e+00
4.989613986973681081e-01 8.666242107222519309e-01 0.000000000000000000e+00 -6.870595662426062233e-01 -8.666242107222519309e-01 4.989613986973681081e-01 0.000000000000000000e+00 -1.253311080961201363e-01 0.000000000000000000e+00 0.000000000000000000e+00 1.000000000000000000e+00 0.000000000000000000e+00
8.573569370784765997e-01 5.147223352871070912e-01 0.000000000000000000e+00 -7.286459875179218670e-01 -5.147223352871070912e-01 8.573569370784765997e-01 0.000000000000000000e+00 -1.848740511331579128e-01 0.000000000000000000e+00 0.000000000000000000e+00 1.000000000000000000e+00 0.000000000000000000e+00
9.069021694777683607e-01 4.213412571734664325e-01 0.000000000000000000e+00 -7.251823150702101373e-01 -4.213412571734664325e-01 9.069021694777683607e-01 0.000000000000000000e+00 -2.201902722386925859e-01 0.000000000000000000e+00 0.000000000000000000e+00 1.000000000000000000e+00 0.000000000000000000e+00
9.463129915957848581e-01 3.232517934011133742e-01 0.000000000000000000e+00 -7.217186426224984075e-01 -3.232517934011133742e-01 9.463129915957848581e-01 0.000000000000000000e+00 -2.555064933442272590e-01 0.000000000000000000e+00 0.000000000000000000e+00 1.000000000000000000e+00 0.000000000000000000e+00
9.696200069699298929e-01 2.446161116599500363e-01 0.000000000000000000e+00 -7.562870968588271126e-01 -2.446161116599500363e-01 9.696200069699298929e-01 0.000000000000000000e+00 -4.639262668104482401e-01 0.000000000000000000e+00 0.000000000000000000e+00 1.000000000000000000e+00 0.000000000000000000e+00
9.864045946901132123e-01 1.643349493389445470e-01 0.000000000000000000e+00 -7.908555510951558176e-01 -1.643349493389445470e-01 9.864045946901132123e-01 0.000000000000000000e+00 -6.723460402766692212e-01 0.000000000000000000e+00 0.000000000000000000e+00 1.000000000000000000e+00 0.000000000000000000e+00
9.985089036804171148e-01 -5.458909479860939162e-02 0.000000000000000000e+00 -7.550228116499155817e-01 5.458909479860939162e-02 9.985089036804171148e-01 0.000000000000000000e+00 -8.608019231348302824e-01 0.000000000000000000e+00 0.000000000000000000e+00 1.000000000000000000e+00 0.000000000000000000e+00
9.626106446123723348e-01 -2.708888090692435080e-01 0.000000000000000000e+00 -7.191900722046753458e-01 2.708888090692435080e-01 9.626106446123723348e-01 0.000000000000000000e+00 -1.049257805992991344e+00 0.000000000000000000e+00 0.000000000000000000e+00 1.000000000000000000e+00 0.000000000000000000e+00
9.890331123208241371e-01 -1.476939495476507214e-01 0.000000000000000000e+00 -6.752934219344197686e-01 1.476939495476507214e-01 9.890331123208241371e-01 0.000000000000000000e+00 -1.289889337790158130e+00 0.000000000000000000e+00 0.000000000000000000e+00 1.000000000000000000e+00 0.000000000000000000e+00
9.997545604771891359e-01 -2.215443082235237296e-02 0.000000000000000000e+00 -6.313967716641641914e-01 2.215443082235237296e-02 9.997545604771891359e-01 0.000000000000000000e+00 -1.530520869587324917e+00 0.000000000000000000e+00 0.000000000000000000e+00 1.000000000000000000e+00 0.000000000000000000e+00
9.973855972273284465e-01 -7.226320255486402833e-02 0.000000000000000000e+00 -6.336305058323965511e-01 7.226320255486402833e-02 9.973855972273284465e-01 0.000000000000000000e+00 -1.752435026259822948e+00 0.000000000000000000e+00 0.000000000000000000e+00 1.000000000000000000e+00 0.000000000000000000e+00
9.925067121332170617e-01 -1.221901238665031725e-01 0.000000000000000000e+00 -6.358642400006289108e-01 1.221901238665031725e-01 9.925067121332170617e-01 0.000000000000000000e+00 -1.974349182932320979e+00 0.000000000000000000e+00 0.000000000000000000e+00 1.000000000000000000e+00 0.000000000000000000e+00
9.999126335108026176e-01 1.321837151434926416e-02 0.000000000000000000e+00 -6.057756632789228490e-01 -1.321837151434926416e-02 9.999126335108026176e-01 0.000000000000000000e+00 -2.098819621394076851e+00 0.000000000000000000e+00 0.000000000000000000e+00 1.000000000000000000e+00 0.000000000000000000e+00
9.889298532923016527e-01 1.483837769679246243e-01 0.000000000000000000e+00 -5.756870865572167872e-01 -1.483837769679246243e-01 9.889298532923016527e-01 0.000000000000000000e+00 -2.223290059855832723e+00 0.000000000000000000e+00 0.000000000000000000e+00 1.000000000000000000e+00 0.000000000000000000e+00
9.757523830389446262e-01 2.188773332115977188e-01 0.000000000000000000e+00 -5.795367801703612542e-01 -2.188773332115977188e-01 9.757523830389446262e-01 0.000000000000000000e+00 -2.224482686823879618e+00 0.000000000000000000e+00 0.000000000000000000e+00 1.000000000000000000e+00 0.000000000000000000e+00
9.575566307749491246e-01 2.882452061334720983e-01 0.000000000000000000e+00 -5.833864737835057213e-01 -2.882452061334720983e-01 9.575566307749491246e-01 0.000000000000000000e+00 -2.225675313791926513e+00 0.000000000000000000e+00 0.000000000000000000e+00 1.000000000000000000e+00 0.000000000000000000e+00
9.698300182345693798e-01 2.437821480977122868e-01 0.000000000000000000e+00 -5.901686560264245429e-01 -2.437821480977122868e-01 9.698300182345693798e-01 0.000000000000000000e+00 -2.324600358669469902e+00 0.000000000000000000e+00 0.000000000000000000e+00 1.000000000000000000e+00 0.000000000000000000e+00
9.800399957647839555e-01 1.988004192685774163e-01 0.000000000000000000e+00 -5.969508382693433646e-01 -1.988004192685774163e-01 9.800399957647839555e-01 0.000000000000000000e+00 -2.423525403547013291e+00 0.000000000000000000e+00 0.000000000000000000e+00 1.000000000000000000e+00 0.000000000000000000e+00
9.652027428353628924e-01 2.615027059574956403e-01 0.000000000000000000e+00 -6.781229646749906692e-01 -2.615027059574956403e-01 9.652027428353628924e-01 0.000000000000000000e+00 -2.672406395980717164e+00 0.000000000000000000e+00 0.000000000000000000e+00 1.000000000000000000e+00 0.000000000000000000e+00
9.463582375728458729e-01 3.231193064148552008e-01 0.000000000000000000e+00 -7.592950910806379738e-01 -3.231193064148552008e-01 9.463582375728458729e-01 0.000000000000000000e+00 -2.921287388414421038e+00 0.000000000000000000e+00 0.000000000000000000e+00 1.000000000000000000e+00 0.000000000000000000e+00
9.781768553974148350e-01 2.077740108021815524e-01 0.000000000000000000e+00 -7.976046866070376495e-01 -2.077740108021815524e-01 9.781768553974148350e-01 0.000000000000000000e+00 -3.158306005595866051e+00 0.000000000000000000e+00 0.000000000000000000e+00 1.000000000000000000e+00 0.000000000000000000e+00
9.959909526863238716e-01 8.945402264285856608e-02 0.000000000000000000e+00 -8.359142821334373252e-01 -8.945402264285856608e-02 9.959909526863238716e-01 0.000000000000000000e+00 -3.395324622777311063e+00 0.000000000000000000e+00 0.000000000000000000e+00 1.000000000000000000e+00 0.000000000000000000e+00
9.971335695167293789e-01 7.566138078852219229e-02 0.000000000000000000e+00 -8.401303154608150692e-01 -7.566138078852219229e-02 9.971335695167293789e-01 0.000000000000000000e+00 -3.631542292656136706e+00 0.000000000000000000e+00 0.000000000000000000e+00 1.000000000000000000e+00 0.000000000000000000e+00
9.980851928479747004e-01 6.185424656093725659e-02 0.000000000000000000e+00 -8.443463487881928131e-01 -6.185424656093725659e-02 9.980851928479747004e-01 0.000000000000000000e+00 -3.867759962534962348e+00 0.000000000000000000e+00 0.000000000000000000e+00 1.000000000000000000e+00 0.000000000000000000e+00
9.968693720111869716e-01 7.906614412010799786e-02 0.000000000000000000e+00 -8.661186874734596586e-01 -7.906614412010799786e-02 9.968693720111869716e-01 0.000000000000000000e+00 -4.114600068206983430e+00 0.000000000000000000e+00 0.000000000000000000e+00 1.000000000000000000e+00 0.000000000000000000e+00
9.953567556109810255e-01 9.625450150295244978e-02 0.000000000000000000e+00 -8.878910261587265040e-01 -9.625450150295244978e-02 9.953567556109810255e-01 0.000000000000000000e+00 -4.361440173879004512e+00 0.000000000000000000e+00 0.000000000000000000e+00 1.000000000000000000e+00 0.000000000000000000e+00
9.978655297732523799e-01 6.530225486417953751e-02 0.000000000000000000e+00 -8.982655335084146486e-01 -6.530225486417953751e-02 9.978655297732523799e-01 0.000000000000000000e+00 -4.596294686497457427e+00 0.000000000000000000e+00 0.000000000000000000e+00 1.000000000000000000e+00 0.000000000000000000e+00
9.994120267611947828e-01 3.428703494151906506e-02 0.000000000000000000e+00 -9.086400408581027932e-01 -3.428703494151906506e-02 9.994120267611947828e-01 0.000000000000000000e+00 -4.831149199115910342e+00 0.000000000000000000e+00 0.000000000000000000e+00 1.000000000000000000e+00 0.000000000000000000e+00
9.997152740759432943e-01 2.386149155567425517e-02 0.000000000000000000e+00 -9.167696179717204075e-01 -2.386149155567425517e-02 9.997152740759432943e-01 0.000000000000000000e+00 -5.090646617168486543e+00 0.000000000000000000e+00 0.000000000000000000e+00 1.000000000000000000e+00 0.000000000000000000e+00
9.999097684504683059e-01 1.343335242338833564e-02 0.000000000000000000e+00 -9.248991950853380217e-01 -1.343335242338833564e-02 9.999097684504683059e-01 0.000000000000000000e+00 -5.350144035221062744e+00 0.000000000000000000e+00 0.000000000000000000e+00 1.000000000000000000e+00 0.000000000000000000e+00
9.999006846581728336e-01 1.409328989686977826e-02 0.000000000000000000e+00 -9.293585763345326711e-01 -1.409328989686977826e-02 9.999006846581728336e-01 0.000000000000000000e+00 -5.586437743175538095e+00 0.000000000000000000e+00 0.000000000000000000e+00 1.000000000000000000e+00 0.000000000000000000e+00
9.998911653091550056e-01 1.475322123131436389e-02 0.000000000000000000e+00 -9.338179575837273205e-01 -1.475322123131436389e-02 9.998911653091550056e-01 0.000000000000000000e+00 -5.822731451130013447e+00 0.000000000000000000e+00 0.000000000000000000e+00 1.000000000000000000e+00 0.000000000000000000e+00
9.998051970714283421e-01 1.973747473620401233e-02 0.000000000000000000e+00 -9.398093730907390864e-01 -1.973747473620401233e-02 9.998051970714283421e-01 0.000000000000000000e+00 -6.059349768130667613e+00 0.000000000000000000e+00 0.000000000000000000e+00 1.000000000000000000e+00 0.000000000000000000e+00
9.996943835010494439e-01 2.472123776142123863e-02 0.000000000000000000e+00 -9.458007885977508522e-01 -2.472123776142123863e-02 9.996943835010494439e-01 0.000000000000000000e+00 -6.295968085131321779e+00 0.000000000000000000e+00 0.000000000000000000e+00 1.000000000000000000e+00 0.000000000000000000e+00
